# Cup car straight-run telemetry
# Started: 2026-08-04T20:37:31.033+08:00
# Port: COM3, baud: 115200
# CTL fields: mcu_ms,dL,dR,targetL_mmps,targetR_mmps,measuredL_mmps,measuredR_mmps,pwmL,pwmR,sync_error_mm
# ENC fields: left_total,right_total
pc_elapsed_s	pc_time	frame
0.031000	2026-08-04T20:37:31.060+08:00	CTL,133199,0,0,0,0,0,0,0,0,0
0.078000	2026-08-04T20:37:31.107+08:00	ENC,91650,91577
0.125000	2026-08-04T20:37:31.156+08:00	ENC,91650,91577
0.140000	2026-08-04T20:37:31.162+08:00	CTL,133299,0,0,0,0,0,0,0,0,0
0.172000	2026-08-04T20:37:31.207+08:00	ENC,91650,91577
0.234000	2026-08-04T20:37:31.257+08:00	ENC,91650,91577
0.234000	2026-08-04T20:37:31.261+08:00	CTL,133399,0,0,0,0,0,0,0,0,0
0.281000	2026-08-04T20:37:31.308+08:00	ENC,91650,91577
0.328000	2026-08-04T20:37:31.355+08:00	ENC,91650,91577
0.328000	2026-08-04T20:37:31.360+08:00	CTL,133499,0,0,0,0,0,0,0,0,0
0.375000	2026-08-04T20:37:31.405+08:00	ENC,91650,91577
0.422000	2026-08-04T20:37:31.455+08:00	ENC,91650,91577
0.437000	2026-08-04T20:37:31.460+08:00	CTL,133599,0,0,0,0,0,0,0,0,0
0.484000	2026-08-04T20:37:31.505+08:00	ENC,91650,91577
0.531000	2026-08-04T20:37:31.555+08:00	ENC,91650,91577
0.531000	2026-08-04T20:37:31.560+08:00	CTL,133699,0,0,0,0,0,0,0,0,0
0.578000	2026-08-04T20:37:31.606+08:00	ENC,91650,91577
0.625000	2026-08-04T20:37:31.657+08:00	ENC,91650,91577
0.640000	2026-08-04T20:37:31.662+08:00	CTL,133799,0,0,0,0,0,0,0,0,0
0.687000	2026-08-04T20:37:31.707+08:00	ENC,91650,91577
0.734000	2026-08-04T20:37:31.757+08:00	ENC,91650,91577
0.734000	2026-08-04T20:37:31.762+08:00	CTL,133899,0,0,0,0,0,0,0,0,0
0.781000	2026-08-04T20:37:31.807+08:00	ENC,91650,91577
0.828000	2026-08-04T20:37:31.858+08:00	ENC,91650,91577
0.828000	2026-08-04T20:37:31.858+08:00	CTL,133999,0,0,0,0,0,0,0,0,0
0.875000	2026-08-04T20:37:31.908+08:00	ENC,91650,91577
0.922000	2026-08-04T20:37:31.957+08:00	ENC,91650,91577
0.937000	2026-08-04T20:37:31.960+08:00	CTL,134099,0,0,0,0,0,0,0,0,0
0.984000	2026-08-04T20:37:32.007+08:00	ENC,91650,91577
1.031000	2026-08-04T20:37:32.058+08:00	ENC,91650,91577
1.031000	2026-08-04T20:37:32.062+08:00	CTL,134199,0,0,0,0,0,0,0,0,0
1.078000	2026-08-04T20:37:32.105+08:00	ENC,91650,91577
1.125000	2026-08-04T20:37:32.155+08:00	ENC,91650,91577
1.140000	2026-08-04T20:37:32.161+08:00	CTL,134299,0,0,0,0,0,0,0,0,0
1.172000	2026-08-04T20:37:32.204+08:00	ENC,91650,91577
1.234000	2026-08-04T20:37:32.256+08:00	ENC,91650,91577
1.234000	2026-08-04T20:37:32.261+08:00	CTL,134399,0,0,0,0,0,0,0,0,0
1.281000	2026-08-04T20:37:32.307+08:00	ENC,91650,91577
1.328000	2026-08-04T20:37:32.356+08:00	ENC,91650,91577
1.328000	2026-08-04T20:37:32.361+08:00	CTL,134499,0,0,0,0,0,0,0,0,0
1.375000	2026-08-04T20:37:32.407+08:00	ENC,91650,91577
1.422000	2026-08-04T20:37:32.456+08:00	ENC,91650,91577
1.437000	2026-08-04T20:37:32.462+08:00	CTL,134599,0,0,0,0,0,0,0,0,0
1.484000	2026-08-04T20:37:32.505+08:00	ENC,91650,91577
1.531000	2026-08-04T20:37:32.558+08:00	ENC,91650,91577
1.531000	2026-08-04T20:37:32.559+08:00	CTL,134699,0,0,0,0,0,0,0,0,0
1.578000	2026-08-04T20:37:32.607+08:00	ENC,91650,91577
1.625000	2026-08-04T20:37:32.655+08:00	ENC,91650,91577
1.625000	2026-08-04T20:37:32.660+08:00	CTL,134799,0,0,0,0,0,0,0,0,0
1.672000	2026-08-04T20:37:32.704+08:00	ENC,91681,91606
1.734000	2026-08-04T20:37:32.755+08:00	ENC,91745,91664
1.734000	2026-08-04T20:37:32.760+08:00	CTL,134899,15,14,159,162,137,126,1090,1111,-1
1.781000	2026-08-04T20:37:32.806+08:00	ENC,91841,91761
1.828000	2026-08-04T20:37:32.857+08:00	ENC,91972,91891
1.828000	2026-08-04T20:37:32.861+08:00	CTL,134999,29,29,386,390,281,279,1836,1850,-1
1.875000	2026-08-04T20:37:32.907+08:00	ENC,92145,92065
1.937000	2026-08-04T20:37:32.958+08:00	ENC,92349,92269
1.937000	2026-08-04T20:37:32.963+08:00	CTL,135099,42,42,449,451,431,431,1967,1979,-1
1.984000	2026-08-04T20:37:33.004+08:00	ENC,92567,92485
2.031000	2026-08-04T20:37:33.058+08:00	ENC,92789,92698
2.031000	2026-08-04T20:37:33.063+08:00	CTL,135199,44,43,446,454,469,452,1931,1974,-2
2.078000	2026-08-04T20:37:33.105+08:00	ENC,93005,92917
2.125000	2026-08-04T20:37:33.155+08:00	ENC,93221,93137
2.125000	2026-08-04T20:37:33.160+08:00	CTL,135299,44,44,448,452,460,466,1941,1957,-1
2.172000	2026-08-04T20:37:33.207+08:00	ENC,93438,93357
2.234000	2026-08-04T20:37:33.255+08:00	ENC,93657,93574
2.234000	2026-08-04T20:37:33.263+08:00	CTL,135399,44,44,448,452,464,463,1938,1957,-1
2.281000	2026-08-04T20:37:33.307+08:00	ENC,93873,93792
2.328000	2026-08-04T20:37:33.357+08:00	ENC,94089,94009
2.328000	2026-08-04T20:37:33.363+08:00	CTL,135499,43,43,449,451,459,460,1943,1957,-1
2.375000	2026-08-04T20:37:33.406+08:00	ENC,94306,94226
2.422000	2026-08-04T20:37:33.455+08:00	ENC,94529,94439
2.437000	2026-08-04T20:37:33.461+08:00	CTL,135599,45,43,446,454,472,453,1924,1968,-2
2.484000	2026-08-04T20:37:33.504+08:00	ENC,94745,94657
2.531000	2026-08-04T20:37:33.554+08:00	ENC,94958,94877
2.531000	2026-08-04T20:37:33.562+08:00	CTL,135699,43,44,438,441,454,466,1904,1912,-1
2.578000	2026-08-04T20:37:33.607+08:00	ENC,95172,95093
2.625000	2026-08-04T20:37:33.657+08:00	ENC,95387,95306
2.640000	2026-08-04T20:37:33.663+08:00	CTL,135799,43,42,438,441,456,451,1901,1921,-1
2.672000	2026-08-04T20:37:33.705+08:00	ENC,95599,95519
2.734000	2026-08-04T20:37:33.758+08:00	ENC,95809,95732
2.734000	2026-08-04T20:37:33.762+08:00	CTL,135899,43,42,439,441,449,450,1908,1918,0
2.781000	2026-08-04T20:37:33.806+08:00	ENC,96021,95943
2.828000	2026-08-04T20:37:33.857+08:00	ENC,96238,96151
2.828000	2026-08-04T20:37:33.863+08:00	CTL,135999,43,41,437,443,459,439,1892,1933,-1
2.875000	2026-08-04T20:37:33.903+08:00	ENC,96453,96365
2.922000	2026-08-04T20:37:33.957+08:00	ENC,96662,96581
2.937000	2026-08-04T20:37:33.963+08:00	CTL,136099,42,43,428,431,446,458,1866,1876,-1
2.984000	2026-08-04T20:37:34.007+08:00	ENC,96870,96793
3.031000	2026-08-04T20:37:34.057+08:00	ENC,97074,96995
3.031000	2026-08-04T20:37:34.062+08:00	CTL,136199,40,40,402,405,430,429,1780,1795,-1
3.078000	2026-08-04T20:37:34.106+08:00	ENC,97274,97195
3.125000	2026-08-04T20:37:34.156+08:00	ENC,97468,97391
3.140000	2026-08-04T20:37:34.161+08:00	CTL,136299,39,39,392,394,412,416,1753,1762,0
3.172000	2026-08-04T20:37:34.206+08:00	ENC,97662,97583
3.234000	2026-08-04T20:37:34.257+08:00	ENC,97856,97774
3.234000	2026-08-04T20:37:34.262+08:00	CTL,136399,38,37,386,390,411,402,1729,1756,-1
3.281000	2026-08-04T20:37:34.306+08:00	ENC,98053,97960
3.328000	2026-08-04T20:37:34.356+08:00	ENC,98242,98150
3.328000	2026-08-04T20:37:34.362+08:00	CTL,136499,37,39,368,376,401,404,1667,1702,-2
3.375000	2026-08-04T20:37:34.403+08:00	ENC,98427,98341
3.422000	2026-08-04T20:37:34.456+08:00	ENC,98615,98531
3.437000	2026-08-04T20:37:34.461+08:00	CTL,136599,37,37,355,359,397,402,1616,1638,-1
3.484000	2026-08-04T20:37:34.506+08:00	ENC,98795,98713
3.531000	2026-08-04T20:37:34.557+08:00	ENC,98965,98882
3.531000	2026-08-04T20:37:34.562+08:00	CTL,136699,34,33,319,323,361,360,1503,1528,-1
3.578000	2026-08-04T20:37:34.607+08:00	ENC,99131,99049
3.625000	2026-08-04T20:37:34.655+08:00	ENC,99296,99215
3.640000	2026-08-04T20:37:34.661+08:00	CTL,136799,33,33,319,322,350,351,1509,1528,-1
3.672000	2026-08-04T20:37:34.703+08:00	ENC,99461,99380
3.734000	2026-08-04T20:37:34.756+08:00	ENC,99626,99542
3.734000	2026-08-04T20:37:34.761+08:00	CTL,136899,34,31,318,323,353,340,1502,1536,-1
3.781000	2026-08-04T20:37:34.806+08:00	ENC,99794,99700
3.828000	2026-08-04T20:37:34.855+08:00	ENC,99960,99863
3.828000	2026-08-04T20:37:34.859+08:00	CTL,136999,33,33,316,326,352,347,1489,1541,-3
3.875000	2026-08-04T20:37:34.906+08:00	ENC,100123,100031
3.922000	2026-08-04T20:37:34.957+08:00	ENC,100287,100203
3.937000	2026-08-04T20:37:34.962+08:00	CTL,137099,34,34,318,323,350,362,1498,1516,-1
3.984000	2026-08-04T20:37:35.007+08:00	ENC,100456,100374
4.031000	2026-08-04T20:37:35.057+08:00	ENC,100622,100541
4.031000	2026-08-04T20:37:35.062+08:00	CTL,137190,34,33,319,323,355,354,1494,1518,-1
4.078000	2026-08-04T20:37:35.106+08:00	ENC,100788,100706
4.125000	2026-08-04T20:37:35.155+08:00	ENC,100952,100871
4.140000	2026-08-04T20:37:35.161+08:00	CTL,137290,32,33,319,322,347,351,1497,1516,-1
4.172000	2026-08-04T20:37:35.206+08:00	ENC,101114,101035
4.234000	2026-08-04T20:37:35.255+08:00	ENC,101244,101166
4.234000	2026-08-04T20:37:35.263+08:00	CTL,137390,32,33,325,327,344,349,1519,1533,-1
4.281000	2026-08-04T20:37:35.304+08:00	ENC,101442,101357
4.328000	2026-08-04T20:37:35.357+08:00	ENC,101610,101515
4.328000	2026-08-04T20:37:35.362+08:00	CTL,137490,34,32,321,330,356,336,1494,1553,-2
4.375000	2026-08-04T20:37:35.405+08:00	ENC,101775,101681
4.422000	2026-08-04T20:37:35.455+08:00	ENC,101939,101851
4.437000	2026-08-04T20:37:35.461+08:00	CTL,137590,33,34,322,329,348,359,1502,1531,-2
4.484000	2026-08-04T20:37:35.506+08:00	ENC,102105,102023
4.531000	2026-08-04T20:37:35.553+08:00	ENC,102274,102193
4.531000	2026-08-04T20:37:35.558+08:00	CTL,137690,34,34,324,328,358,360,1498,1521,-1
4.578000	2026-08-04T20:37:35.607+08:00	ENC,102442,102361
4.625000	2026-08-04T20:37:35.657+08:00	ENC,102607,102527
4.640000	2026-08-04T20:37:35.662+08:00	CTL,137790,33,33,324,327,351,353,1501,1523,-1
4.687000	2026-08-04T20:37:35.707+08:00	ENC,102772,102693
4.734000	2026-08-04T20:37:35.755+08:00	ENC,102936,102858
4.734000	2026-08-04T20:37:35.761+08:00	CTL,137890,33,34,325,327,349,352,1502,1520,-1
4.781000	2026-08-04T20:37:35.806+08:00	ENC,103101,103022
4.828000	2026-08-04T20:37:35.855+08:00	ENC,103268,103178
4.828000	2026-08-04T20:37:35.862+08:00	CTL,137990,33,31,338,344,353,333,1547,1596,-1
4.875000	2026-08-04T20:37:35.906+08:00	ENC,103438,103341
4.937000	2026-08-04T20:37:35.958+08:00	ENC,103612,103515
4.937000	2026-08-04T20:37:35.964+08:00	CTL,138090,34,35,383,393,364,365,1704,1756,-3
4.984000	2026-08-04T20:37:36.006+08:00	ENC,103795,103706
5.031000	2026-08-04T20:37:36.055+08:00	ENC,104005,103920
5.031000	2026-08-04T20:37:36.063+08:00	CTL,138190,44,44,535,540,437,446,2222,2249,-1
5.078000	2026-08-04T20:37:36.106+08:00	ENC,104242,104158
5.125000	2026-08-04T20:37:36.155+08:00	ENC,104486,104403
5.140000	2026-08-04T20:37:36.163+08:00	CTL,138290,49,49,536,540,516,518,2173,2200,-1
5.172000	2026-08-04T20:37:36.207+08:00	ENC,104730,104650
5.234000	2026-08-04T20:37:36.256+08:00	ENC,104974,104892
5.234000	2026-08-04T20:37:36.261+08:00	CTL,138390,49,48,536,539,518,516,2175,2202,-1
5.281000	2026-08-04T20:37:36.307+08:00	ENC,105222,105126
5.328000	2026-08-04T20:37:36.353+08:00	ENC,105465,105370
5.328000	2026-08-04T20:37:36.363+08:00	CTL,138490,49,49,533,543,518,514,2162,2220,-3
5.375000	2026-08-04T20:37:36.407+08:00	ENC,105707,105623
5.422000	2026-08-04T20:37:36.456+08:00	ENC,105958,105877
5.437000	2026-08-04T20:37:36.461+08:00	CTL,138590,51,52,536,540,531,542,2168,2189,-1
5.468000	2026-08-04T20:37:36.503+08:00	ENC,106207,106128
5.531000	2026-08-04T20:37:36.558+08:00	ENC,106405,106325
5.531000	2026-08-04T20:37:36.560+08:00	CTL,138690,49,49,531,534,524,523,2154,2183,-1
5.578000	2026-08-04T20:37:36.606+08:00	ENC,106697,106619
5.625000	2026-08-04T20:37:36.655+08:00	ENC,106943,106851
5.625000	2026-08-04T20:37:36.660+08:00	CTL,138790,50,47,529,536,523,497,2149,2209,-2
5.672000	2026-08-04T20:37:36.707+08:00	ENC,107140,107045
5.734000	2026-08-04T20:37:36.756+08:00	ENC,107398,107309
5.734000	2026-08-04T20:37:36.760+08:00	CTL,138893,48,50,529,536,514,528,2156,2189,-2
5.781000	2026-08-04T20:37:36.806+08:00	ENC,107681,107597
5.828000	2026-08-04T20:37:36.855+08:00	ENC,107928,107848
5.828000	2026-08-04T20:37:36.861+08:00	CTL,138990,49,50,531,534,525,532,2155,2180,-1
5.875000	2026-08-04T20:37:36.907+08:00	ENC,108174,108095
5.937000	2026-08-04T20:37:36.957+08:00	ENC,108418,108342
5.937000	2026-08-04T20:37:36.962+08:00	CTL,139090,49,50,532,533,520,527,2163,2181,0
5.984000	2026-08-04T20:37:37.007+08:00	ENC,108664,108576
6.031000	2026-08-04T20:37:37.054+08:00	ENC,108908,108815
6.031000	2026-08-04T20:37:37.063+08:00	CTL,139190,49,48,528,537,519,504,2151,2214,-2
6.078000	2026-08-04T20:37:37.106+08:00	ENC,109151,109063
6.125000	2026-08-04T20:37:37.152+08:00	ENC,109398,109318
6.140000	2026-08-04T20:37:37.162+08:00	CTL,139290,50,51,536,540,523,538,2179,2200,-1
6.172000	2026-08-04T20:37:37.206+08:00	ENC,109647,109573
6.234000	2026-08-04T20:37:37.255+08:00	ENC,109897,109823
6.234000	2026-08-04T20:37:37.261+08:00	CTL,139390,50,50,538,538,530,532,2180,2199,0
6.281000	2026-08-04T20:37:37.307+08:00	ENC,110144,110072
6.328000	2026-08-04T20:37:37.356+08:00	ENC,110391,110310
6.328000	2026-08-04T20:37:37.360+08:00	CTL,139490,49,46,537,539,522,506,2184,2221,-1
6.375000	2026-08-04T20:37:37.407+08:00	ENC,110588,110499
6.422000	2026-08-04T20:37:37.457+08:00	ENC,110846,110762
6.437000	2026-08-04T20:37:37.462+08:00	CTL,139593,49,51,536,540,517,526,2184,2215,-1
6.484000	2026-08-04T20:37:37.504+08:00	ENC,111127,111053
6.531000	2026-08-04T20:37:37.556+08:00	ENC,111380,111310
6.531000	2026-08-04T20:37:37.561+08:00	CTL,139690,51,52,538,538,536,546,2182,2190,0
6.578000	2026-08-04T20:37:37.603+08:00	ENC,111631,111562
6.625000	2026-08-04T20:37:37.655+08:00	ENC,111830,111762
6.640000	2026-08-04T20:37:37.661+08:00	CTL,139790,49,51,539,537,527,532,2191,2199,1
6.672000	2026-08-04T20:37:37.706+08:00	ENC,112127,112053
6.734000	2026-08-04T20:37:37.757+08:00	ENC,112374,112291
6.734000	2026-08-04T20:37:37.762+08:00	CTL,139890,50,48,536,540,527,505,2180,2231,-1
6.781000	2026-08-04T20:37:37.804+08:00	ENC,112618,112539
6.828000	2026-08-04T20:37:37.857+08:00	ENC,112865,112795
6.828000	2026-08-04T20:37:37.861+08:00	CTL,139990,50,52,538,538,524,540,2192,2199,0
6.875000	2026-08-04T20:37:37.906+08:00	ENC,113118,113052
6.922000	2026-08-04T20:37:37.956+08:00	ENC,113369,113306
6.937000	2026-08-04T20:37:37.961+08:00	CTL,140090,50,51,540,536,532,542,2194,2190,1
6.984000	2026-08-04T20:37:38.005+08:00	ENC,113620,113557
7.031000	2026-08-04T20:37:38.057+08:00	ENC,113869,113800
7.031000	2026-08-04T20:37:38.062+08:00	CTL,140190,50,47,539,537,529,516,2195,2212,1
7.078000	2026-08-04T20:37:38.102+08:00	ENC,114116,114037
7.125000	2026-08-04T20:37:38.154+08:00	ENC,114359,114285
7.125000	2026-08-04T20:37:38.160+08:00	CTL,140290,48,49,537,539,515,520,2198,2219,0
7.172000	2026-08-04T20:37:38.207+08:00	ENC,114606,114539
7.234000	2026-08-04T20:37:38.255+08:00	ENC,114860,114797
7.234000	2026-08-04T20:37:38.260+08:00	CTL,140390,51,51,540,536,535,545,2194,2192,1
7.281000	2026-08-04T20:37:38.303+08:00	ENC,115111,115053
7.328000	2026-08-04T20:37:38.356+08:00	ENC,115365,115305
7.328000	2026-08-04T20:37:38.362+08:00	CTL,140490,50,50,541,535,536,535,2199,2194,1
7.375000	2026-08-04T20:37:38.405+08:00	ENC,115614,115548
7.422000	2026-08-04T20:37:38.456+08:00	ENC,115863,115786
7.437000	2026-08-04T20:37:38.460+08:00	CTL,140590,50,48,579,580,529,506,2345,2382,0
7.484000	2026-08-04T20:37:38.506+08:00	ENC,116116,116042
7.531000	2026-08-04T20:37:38.553+08:00	ENC,116383,116314
7.531000	2026-08-04T20:37:38.558+08:00	CTL,140690,54,55,600,600,562,571,2407,2416,0
7.578000	2026-08-04T20:37:38.606+08:00	ENC,116659,116595
7.625000	2026-08-04T20:37:38.653+08:00	ENC,116935,116875
7.640000	2026-08-04T20:37:38.663+08:00	CTL,140790,56,56,603,597,587,596,2400,2390,1
7.672000	2026-08-04T20:37:38.704+08:00	ENC,117212,117152
7.734000	2026-08-04T20:37:38.756+08:00	ENC,117486,117417
7.734000	2026-08-04T20:37:38.762+08:00	CTL,140890,55,52,601,599,581,565,2400,2417,1
7.781000	2026-08-04T20:37:38.807+08:00	ENC,117755,117682
7.828000	2026-08-04T20:37:38.853+08:00	ENC,118021,117955
7.828000	2026-08-04T20:37:38.861+08:00	CTL,140990,54,54,601,599,566,574,2411,2417,0
7.875000	2026-08-04T20:37:38.903+08:00	ENC,118296,118234
7.922000	2026-08-04T20:37:38.955+08:00	ENC,118575,118518
7.937000	2026-08-04T20:37:38.960+08:00	CTL,141090,56,57,603,597,590,602,2406,2388,2
7.968000	2026-08-04T20:37:39.003+08:00	ENC,118851,118798
8.031000	2026-08-04T20:37:39.053+08:00	ENC,119128,119069
8.031000	2026-08-04T20:37:39.060+08:00	CTL,141190,55,53,603,597,586,576,2410,2407,2
8.078000	2026-08-04T20:37:39.105+08:00	ENC,119403,119331
8.125000	2026-08-04T20:37:39.156+08:00	ENC,119667,119601
8.140000	2026-08-04T20:37:39.162+08:00	CTL,141290,52,54,601,599,562,568,2421,2424,1
8.172000	2026-08-04T20:37:39.206+08:00	ENC,119938,119877
8.234000	2026-08-04T20:37:39.256+08:00	ENC,120161,120102
8.234000	2026-08-04T20:37:39.263+08:00	CTL,141390,56,57,603,597,589,597,2411,2398,1
8.281000	2026-08-04T20:37:39.305+08:00	ENC,120494,120442
8.328000	2026-08-04T20:37:39.354+08:00	ENC,120773,120721
8.328000	2026-08-04T20:37:39.360+08:00	CTL,141490,57,56,604,596,596,593,2413,2395,2
8.375000	2026-08-04T20:37:39.406+08:00	ENC,121050,120983
8.422000	2026-08-04T20:37:39.455+08:00	ENC,121318,121250
8.437000	2026-08-04T20:37:39.460+08:00	CTL,141590,53,54,601,599,572,567,2419,2429,1
8.484000	2026-08-04T20:37:39.506+08:00	ENC,121584,121522
8.531000	2026-08-04T20:37:39.553+08:00	ENC,121859,121801
8.531000	2026-08-04T20:37:39.558+08:00	CTL,141690,56,56,603,597,583,589,2421,2408,1
8.578000	2026-08-04T20:37:39.604+08:00	ENC,122138,122086
8.625000	2026-08-04T20:37:39.654+08:00	ENC,122419,122369
8.640000	2026-08-04T20:37:39.662+08:00	CTL,141790,56,57,605,595,594,603,2423,2390,3
8.672000	2026-08-04T20:37:39.704+08:00	ENC,122698,122641
8.734000	2026-08-04T20:37:39.756+08:00	ENC,122973,122906
8.750000	2026-08-04T20:37:39.783+08:00	CTL,141890,54,54,601,599,583,565,2418,2431,1
8.781000	2026-08-04T20:37:39.806+08:00	ENC,123240,123177
8.828000	2026-08-04T20:37:39.854+08:00	ENC,123511,123453
8.828000	2026-08-04T20:37:39.858+08:00	CTL,141990,55,55,603,597,574,582,2433,2416,1
8.875000	2026-08-04T20:37:39.902+08:00	ENC,123790,123736
8.922000	2026-08-04T20:37:39.954+08:00	ENC,124014,123965
8.937000	2026-08-04T20:37:39.959+08:00	CTL,142090,56,57,605,595,593,606,2428,2391,3
8.984000	2026-08-04T20:37:40.006+08:00	ENC,124351,124301
9.031000	2026-08-04T20:37:40.053+08:00	ENC,124631,124566
9.031000	2026-08-04T20:37:40.060+08:00	CTL,142190,56,52,602,598,594,564,2418,2431,1
9.078000	2026-08-04T20:37:40.104+08:00	ENC,124896,124833
9.125000	2026-08-04T20:37:40.156+08:00	ENC,125112,125054
9.140000	2026-08-04T20:37:40.161+08:00	CTL,142290,41,42,184,178,480,488,940,922,1
9.172000	2026-08-04T20:37:40.202+08:00	ENC,125250,125197
9.234000	2026-08-04T20:37:40.255+08:00	ENC,125366,125318
9.234000	2026-08-04T20:37:40.259+08:00	CTL,142390,23,23,0,0,244,244,0,0,0
9.281000	2026-08-04T20:37:40.305+08:00	ENC,125461,125407
9.328000	2026-08-04T20:37:40.357+08:00	ENC,125525,125467
9.328000	2026-08-04T20:37:40.358+08:00	CTL,142490,11,10,0,0,117,106,0,0,0
9.375000	2026-08-04T20:37:40.403+08:00	ENC,125568,125502
9.422000	2026-08-04T20:37:40.456+08:00	ENC,125585,125520
9.437000	2026-08-04T20:37:40.460+08:00	CTL,142590,2,3,0,0,21,32,0,0,0
9.484000	2026-08-04T20:37:40.506+08:00	ENC,125579,125524
9.531000	2026-08-04T20:37:40.557+08:00	ENC,125579,125526
9.531000	2026-08-04T20:37:40.558+08:00	CTL,142690,0,0,0,0,0,0,0,0,0
9.578000	2026-08-04T20:37:40.606+08:00	ENC,125579,125526
9.625000	2026-08-04T20:37:40.656+08:00	ENC,125579,125526
9.625000	2026-08-04T20:37:40.660+08:00	CTL,142790,0,0,0,0,0,0,0,0,0
9.672000	2026-08-04T20:37:40.705+08:00	ENC,125579,125526
9.718000	2026-08-04T20:37:40.754+08:00	ENC,125579,125526
9.734000	2026-08-04T20:37:40.759+08:00	CTL,142890,0,0,0,0,0,0,0,0,0
9.781000	2026-08-04T20:37:40.805+08:00	ENC,125579,125526
9.828000	2026-08-04T20:37:40.854+08:00	ENC,125579,125526
9.828000	2026-08-04T20:37:40.858+08:00	CTL,142990,0,0,0,0,0,0,0,0,0
9.875000	2026-08-04T20:37:40.903+08:00	ENC,125579,125526
9.922000	2026-08-04T20:37:40.954+08:00	ENC,125579,125526
9.937000	2026-08-04T20:37:40.959+08:00	CTL,143090,0,0,0,0,0,0,0,0,0
9.984000	2026-08-04T20:37:41.005+08:00	ENC,125579,125526
10.031000	2026-08-04T20:37:41.054+08:00	ENC,125579,125526
10.031000	2026-08-04T20:37:41.060+08:00	CTL,143190,0,0,0,0,0,0,0,0,0
10.078000	2026-08-04T20:37:41.105+08:00	ENC,125579,125526
10.125000	2026-08-04T20:37:41.156+08:00	ENC,125579,125526
10.140000	2026-08-04T20:37:41.161+08:00	CTL,143290,0,0,0,0,0,0,0,0,0
10.172000	2026-08-04T20:37:41.202+08:00	ENC,125579,125526
10.234000	2026-08-04T20:37:41.255+08:00	ENC,125579,125526
10.234000	2026-08-04T20:37:41.260+08:00	CTL,143390,0,0,0,0,0,0,0,0,0
10.281000	2026-08-04T20:37:41.305+08:00	ENC,125579,125526
10.328000	2026-08-04T20:37:41.356+08:00	ENC,125579,125526
10.328000	2026-08-04T20:37:41.360+08:00	CTL,143490,0,0,0,0,0,0,0,0,0
10.375000	2026-08-04T20:37:41.406+08:00	ENC,125579,125526
10.422000	2026-08-04T20:37:41.454+08:00	ENC,125579,125526
10.437000	2026-08-04T20:37:41.460+08:00	CTL,143590,0,0,0,0,0,0,0,0,0
10.468000	2026-08-04T20:37:41.503+08:00	ENC,125579,125526
10.531000	2026-08-04T20:37:41.556+08:00	ENC,125579,125526
10.531000	2026-08-04T20:37:41.557+08:00	CTL,143690,0,0,0,0,0,0,0,0,0
10.578000	2026-08-04T20:37:41.606+08:00	ENC,125579,125526
10.625000	2026-08-04T20:37:41.654+08:00	ENC,125579,125526
10.625000	2026-08-04T20:37:41.658+08:00	CTL,143790,0,0,0,0,0,0,0,0,0
10.672000	2026-08-04T20:37:41.705+08:00	ENC,125579,125526
10.734000	2026-08-04T20:37:41.756+08:00	ENC,125579,125526
10.734000	2026-08-04T20:37:41.756+08:00	CTL,143890,0,0,0,0,0,0,0,0,0
10.781000	2026-08-04T20:37:41.803+08:00	ENC,125579,125526
10.828000	2026-08-04T20:37:41.856+08:00	ENC,125579,125526
10.828000	2026-08-04T20:37:41.860+08:00	CTL,143990,0,0,0,0,0,0,0,0,0
10.875000	2026-08-04T20:37:41.903+08:00	ENC,125579,125526
10.922000	2026-08-04T20:37:41.955+08:00	ENC,125579,125526
10.937000	2026-08-04T20:37:41.960+08:00	CTL,144090,0,0,0,0,0,0,0,0,0
10.984000	2026-08-04T20:37:42.005+08:00	ENC,125579,125526
11.031000	2026-08-04T20:37:42.054+08:00	ENC,125579,125526
11.031000	2026-08-04T20:37:42.060+08:00	CTL,144190,0,0,0,0,0,0,0,0,0
11.078000	2026-08-04T20:37:42.102+08:00	ENC,125579,125526
11.125000	2026-08-04T20:37:42.157+08:00	ENC,125579,125526
11.125000	2026-08-04T20:37:42.160+08:00	CTL,144290,0,0,0,0,0,0,0,0,0
11.172000	2026-08-04T20:37:42.205+08:00	ENC,125579,125526
11.234000	2026-08-04T20:37:42.255+08:00	ENC,125579,125526
11.234000	2026-08-04T20:37:42.260+08:00	CTL,144390,0,0,0,0,0,0,0,0,0
11.281000	2026-08-04T20:37:42.305+08:00	ENC,125579,125526
11.328000	2026-08-04T20:37:42.354+08:00	ENC,125579,125526
11.328000	2026-08-04T20:37:42.359+08:00	CTL,144490,0,0,0,0,0,0,0,0,0
11.375000	2026-08-04T20:37:42.402+08:00	ENC,125579,125526
11.422000	2026-08-04T20:37:42.455+08:00	ENC,125579,125526
11.437000	2026-08-04T20:37:42.460+08:00	CTL,144590,0,0,0,0,0,0,0,0,0
11.484000	2026-08-04T20:37:42.506+08:00	ENC,125579,125526
11.531000	2026-08-04T20:37:42.555+08:00	ENC,125579,125526
11.531000	2026-08-04T20:37:42.560+08:00	CTL,144690,0,0,0,0,0,0,0,0,0
11.578000	2026-08-04T20:37:42.605+08:00	ENC,125579,125526
11.625000	2026-08-04T20:37:42.654+08:00	ENC,125579,125526
11.625000	2026-08-04T20:37:42.660+08:00	CTL,144790,0,0,0,0,0,0,0,0,0
11.672000	2026-08-04T20:37:42.706+08:00	ENC,125579,125526
11.718000	2026-08-04T20:37:42.753+08:00	ENC,125579,125526
11.734000	2026-08-04T20:37:42.759+08:00	CTL,144890,0,0,0,0,0,0,0,0,0
11.781000	2026-08-04T20:37:42.805+08:00	ENC,125579,125526
11.828000	2026-08-04T20:37:42.856+08:00	ENC,125579,125526
11.828000	2026-08-04T20:37:42.859+08:00	CTL,144990,0,0,0,0,0,0,0,0,0
11.875000	2026-08-04T20:37:42.906+08:00	ENC,125579,125526
11.922000	2026-08-04T20:37:42.956+08:00	ENC,125579,125526
11.922000	2026-08-04T20:37:42.957+08:00	CTL,145090,0,0,0,0,0,0,0,0,0
11.984000	2026-08-04T20:37:43.004+08:00	ENC,125579,125526
12.031000	2026-08-04T20:37:43.055+08:00	ENC,125579,125526
12.031000	2026-08-04T20:37:43.057+08:00	CTL,145190,0,0,0,0,0,0,0,0,0
12.078000	2026-08-04T20:37:43.104+08:00	ENC,125579,125526
12.125000	2026-08-04T20:37:43.155+08:00	ENC,125579,125526
12.125000	2026-08-04T20:37:43.155+08:00	CTL,145290,0,0,0,0,0,0,0,0,0
12.172000	2026-08-04T20:37:43.201+08:00	ENC,125579,125526
12.234000	2026-08-04T20:37:43.255+08:00	ENC,125579,125526
12.234000	2026-08-04T20:37:43.260+08:00	CTL,145390,0,0,0,0,0,0,0,0,0
12.281000	2026-08-04T20:37:43.306+08:00	ENC,125579,125526
12.328000	2026-08-04T20:37:43.355+08:00	ENC,125579,125526
12.328000	2026-08-04T20:37:43.357+08:00	CTL,145490,0,0,0,0,0,0,0,0,0
12.375000	2026-08-04T20:37:43.402+08:00	ENC,125579,125526
12.422000	2026-08-04T20:37:43.453+08:00	ENC,125579,125526
12.437000	2026-08-04T20:37:43.458+08:00	CTL,145590,0,0,0,0,0,0,0,0,0
12.484000	2026-08-04T20:37:43.504+08:00	ENC,125579,125526
12.531000	2026-08-04T20:37:43.552+08:00	ENC,125579,125526
12.531000	2026-08-04T20:37:43.558+08:00	CTL,145690,0,0,0,0,0,0,0,0,0
12.578000	2026-08-04T20:37:43.603+08:00	ENC,125579,125526
12.625000	2026-08-04T20:37:43.654+08:00	ENC,125579,125526
12.625000	2026-08-04T20:37:43.660+08:00	CTL,145790,0,0,0,0,0,0,0,0,0
12.672000	2026-08-04T20:37:43.705+08:00	ENC,125579,125526
12.734000	2026-08-04T20:37:43.756+08:00	ENC,125579,125526
12.734000	2026-08-04T20:37:43.756+08:00	CTL,145890,0,0,0,0,0,0,0,0,0
12.781000	2026-08-04T20:37:43.804+08:00	ENC,125579,125526
12.828000	2026-08-04T20:37:43.855+08:00	ENC,125579,125526
12.843000	2026-08-04T20:37:43.865+08:00	CTL,145990,0,0,0,0,0,0,0,0,0
12.875000	2026-08-04T20:37:43.902+08:00	ENC,125579,125526
12.922000	2026-08-04T20:37:43.954+08:00	ENC,125579,125526
12.937000	2026-08-04T20:37:43.959+08:00	CTL,146090,0,0,0,0,0,0,0,0,0
12.984000	2026-08-04T20:37:44.005+08:00	ENC,125579,125526
13.031000	2026-08-04T20:37:44.055+08:00	ENC,125579,125526
13.031000	2026-08-04T20:37:44.060+08:00	CTL,146190,0,0,0,0,0,0,0,0,0
13.078000	2026-08-04T20:37:44.104+08:00	ENC,125579,125526
13.125000	2026-08-04T20:37:44.153+08:00	ENC,125579,125526
13.125000	2026-08-04T20:37:44.159+08:00	CTL,146290,0,0,0,0,0,0,0,0,0
13.172000	2026-08-04T20:37:44.203+08:00	ENC,125579,125526
13.234000	2026-08-04T20:37:44.256+08:00	ENC,125579,125526
13.234000	2026-08-04T20:37:44.259+08:00	CTL,146390,0,0,0,0,0,0,0,0,0
