# Cup car straight-run telemetry
# Started: 2026-08-04T20:37:00.189+08:00
# Port: COM3, baud: 115200
# CTL fields: mcu_ms,dL,dR,targetL_mmps,targetR_mmps,measuredL_mmps,measuredR_mmps,pwmL,pwmR,sync_error_mm
# ENC fields: left_total,right_total
pc_elapsed_s	pc_time	frame
0.031000	2026-08-04T20:37:00.214+08:00	ENC,35300,35235
0.078000	2026-08-04T20:37:00.262+08:00	ENC,35300,35235
0.078000	2026-08-04T20:37:00.266+08:00	CTL,102399,0,0,0,0,0,0,0,0,0
0.125000	2026-08-04T20:37:00.314+08:00	ENC,35300,35235
0.172000	2026-08-04T20:37:00.363+08:00	ENC,35300,35235
0.187000	2026-08-04T20:37:00.367+08:00	CTL,102499,0,0,0,0,0,0,0,0,0
0.234000	2026-08-04T20:37:00.414+08:00	ENC,35300,35235
0.281000	2026-08-04T20:37:00.460+08:00	ENC,35300,35235
0.281000	2026-08-04T20:37:00.466+08:00	CTL,102599,0,0,0,0,0,0,0,0,0
0.328000	2026-08-04T20:37:00.512+08:00	ENC,35300,35235
0.375000	2026-08-04T20:37:00.563+08:00	ENC,35300,35235
0.391000	2026-08-04T20:37:00.569+08:00	CTL,102699,0,0,0,0,0,0,0,0,0
0.437000	2026-08-04T20:37:00.614+08:00	ENC,35300,35235
0.484000	2026-08-04T20:37:00.661+08:00	ENC,35300,35235
0.484000	2026-08-04T20:37:00.667+08:00	CTL,102799,0,0,0,0,0,0,0,0,0
0.531000	2026-08-04T20:37:00.714+08:00	ENC,35300,35235
0.578000	2026-08-04T20:37:00.764+08:00	ENC,35300,35235
0.578000	2026-08-04T20:37:00.767+08:00	CTL,102899,0,0,0,0,0,0,0,0,0
0.625000	2026-08-04T20:37:00.813+08:00	ENC,35300,35235
0.672000	2026-08-04T20:37:00.861+08:00	ENC,35300,35235
0.687000	2026-08-04T20:37:00.866+08:00	CTL,102999,0,0,0,0,0,0,0,0,0
0.734000	2026-08-04T20:37:00.913+08:00	ENC,35300,35235
0.781000	2026-08-04T20:37:00.963+08:00	ENC,35300,35235
0.781000	2026-08-04T20:37:00.969+08:00	CTL,103099,0,0,0,0,0,0,0,0,0
0.828000	2026-08-04T20:37:01.013+08:00	ENC,35300,35235
0.875000	2026-08-04T20:37:01.062+08:00	ENC,35300,35235
0.891000	2026-08-04T20:37:01.067+08:00	CTL,103199,0,0,0,0,0,0,0,0,0
0.922000	2026-08-04T20:37:01.113+08:00	ENC,35300,35235
0.984000	2026-08-04T20:37:01.164+08:00	ENC,35300,35235
0.984000	2026-08-04T20:37:01.169+08:00	CTL,103299,0,0,0,0,0,0,0,0,0
1.031000	2026-08-04T20:37:01.212+08:00	ENC,35300,35235
1.078000	2026-08-04T20:37:01.263+08:00	ENC,35300,35235
1.078000	2026-08-04T20:37:01.268+08:00	CTL,103399,0,0,0,0,0,0,0,0,0
1.125000	2026-08-04T20:37:01.312+08:00	ENC,35300,35235
1.172000	2026-08-04T20:37:01.362+08:00	ENC,35300,35235
1.187000	2026-08-04T20:37:01.365+08:00	CTL,103499,0,0,0,0,0,0,0,0,0
1.234000	2026-08-04T20:37:01.414+08:00	ENC,35300,35235
1.281000	2026-08-04T20:37:01.463+08:00	ENC,35300,35235
1.281000	2026-08-04T20:37:01.466+08:00	CTL,103599,0,0,0,0,0,0,0,0,0
1.328000	2026-08-04T20:37:01.511+08:00	ENC,35300,35235
1.375000	2026-08-04T20:37:01.564+08:00	ENC,35300,35235
1.391000	2026-08-04T20:37:01.569+08:00	CTL,103699,0,0,0,0,0,0,0,0,0
1.422000	2026-08-04T20:37:01.612+08:00	ENC,35300,35235
1.484000	2026-08-04T20:37:01.661+08:00	ENC,35300,35235
1.484000	2026-08-04T20:37:01.667+08:00	CTL,103799,0,0,0,0,0,0,0,0,0
1.531000	2026-08-04T20:37:01.712+08:00	ENC,35300,35235
1.578000	2026-08-04T20:37:01.763+08:00	ENC,35300,35235
1.578000	2026-08-04T20:37:01.768+08:00	CTL,103899,0,0,0,0,0,0,0,0,0
1.625000	2026-08-04T20:37:01.811+08:00	ENC,35300,35235
1.672000	2026-08-04T20:37:01.860+08:00	ENC,35300,35235
1.687000	2026-08-04T20:37:01.866+08:00	CTL,103999,0,0,0,0,0,0,0,0,0
1.734000	2026-08-04T20:37:01.913+08:00	ENC,35300,35235
1.781000	2026-08-04T20:37:01.963+08:00	ENC,35300,35235
1.781000	2026-08-04T20:37:01.968+08:00	CTL,104099,0,0,0,0,0,0,0,0,0
1.828000	2026-08-04T20:37:02.013+08:00	ENC,35300,35235
1.875000	2026-08-04T20:37:02.063+08:00	ENC,35300,35235
1.891000	2026-08-04T20:37:02.068+08:00	CTL,104199,0,0,0,0,0,0,0,0,0
1.922000	2026-08-04T20:37:02.112+08:00	ENC,35300,35235
1.984000	2026-08-04T20:37:02.163+08:00	ENC,35300,35235
1.984000	2026-08-04T20:37:02.164+08:00	CTL,104299,0,0,0,0,0,0,0,0,0
2.031000	2026-08-04T20:37:02.212+08:00	ENC,35300,35235
2.078000	2026-08-04T20:37:02.262+08:00	ENC,35300,35235
2.078000	2026-08-04T20:37:02.268+08:00	CTL,104399,0,0,0,0,0,0,0,0,0
2.125000	2026-08-04T20:37:02.310+08:00	ENC,35300,35235
2.172000	2026-08-04T20:37:02.363+08:00	ENC,35300,35235
2.187000	2026-08-04T20:37:02.368+08:00	CTL,104499,0,0,0,0,0,0,0,0,0
2.234000	2026-08-04T20:37:02.413+08:00	ENC,35300,35235
2.281000	2026-08-04T20:37:02.463+08:00	ENC,35300,35235
2.281000	2026-08-04T20:37:02.469+08:00	CTL,104599,0,0,0,0,0,0,0,0,0
2.328000	2026-08-04T20:37:02.510+08:00	ENC,35300,35235
2.375000	2026-08-04T20:37:02.563+08:00	ENC,35300,35235
2.391000	2026-08-04T20:37:02.567+08:00	CTL,104699,0,0,0,0,0,0,0,0,0
2.422000	2026-08-04T20:37:02.613+08:00	ENC,35300,35235
2.484000	2026-08-04T20:37:02.662+08:00	ENC,35310,35246
2.484000	2026-08-04T20:37:02.668+08:00	CTL,104799,7,9,130,129,33,38,1058,1053,0
2.531000	2026-08-04T20:37:02.711+08:00	ENC,35378,35323
2.578000	2026-08-04T20:37:02.763+08:00	ENC,35482,35425
2.578000	2026-08-04T20:37:02.769+08:00	CTL,104899,23,22,224,221,220,217,1279,1267,1
2.625000	2026-08-04T20:37:02.809+08:00	ENC,35605,35547
2.672000	2026-08-04T20:37:02.860+08:00	ENC,35736,35678
2.687000	2026-08-04T20:37:02.866+08:00	CTL,104999,26,26,229,226,276,275,1255,1244,1
2.734000	2026-08-04T20:37:02.912+08:00	ENC,35869,35809
2.781000	2026-08-04T20:37:02.962+08:00	ENC,36004,35938
2.781000	2026-08-04T20:37:02.969+08:00	CTL,105099,27,26,227,228,286,275,1237,1246,0
2.828000	2026-08-04T20:37:03.009+08:00	ENC,36142,36067
2.875000	2026-08-04T20:37:03.063+08:00	ENC,36275,36201
2.891000	2026-08-04T20:37:03.067+08:00	CTL,105199,26,27,226,229,281,283,1229,1242,-1
2.937000	2026-08-04T20:37:03.114+08:00	ENC,36405,36336
2.984000	2026-08-04T20:37:03.163+08:00	ENC,36536,36470
2.984000	2026-08-04T20:37:03.169+08:00	CTL,105299,26,26,227,228,277,283,1233,1231,0
3.031000	2026-08-04T20:37:03.211+08:00	ENC,36666,36602
3.078000	2026-08-04T20:37:03.262+08:00	ENC,36796,36731
3.078000	2026-08-04T20:37:03.267+08:00	CTL,105399,26,26,228,228,276,275,1231,1231,0
3.125000	2026-08-04T20:37:03.314+08:00	ENC,36927,36859
3.187000	2026-08-04T20:37:03.364+08:00	ENC,37057,36988
3.187000	2026-08-04T20:37:03.369+08:00	CTL,105499,26,26,227,228,276,273,1223,1232,0
3.219000	2026-08-04T20:37:03.410+08:00	ENC,37184,37116
3.281000	2026-08-04T20:37:03.461+08:00	ENC,37311,37245
3.281000	2026-08-04T20:37:03.466+08:00	CTL,105599,25,26,227,228,270,274,1225,1225,0
3.328000	2026-08-04T20:37:03.513+08:00	ENC,37441,37373
3.375000	2026-08-04T20:37:03.563+08:00	ENC,37570,37502
3.391000	2026-08-04T20:37:03.567+08:00	CTL,105699,26,27,237,239,275,275,1255,1260,0
3.422000	2026-08-04T20:37:03.613+08:00	ENC,37706,37633
3.469000	2026-08-04T20:37:03.659+08:00	ENC,37869,37787
3.484000	2026-08-04T20:37:03.669+08:00	CTL,105799,35,33,358,366,349,330,1653,1695,-2
3.531000	2026-08-04T20:37:03.710+08:00	ENC,38047,37963
3.578000	2026-08-04T20:37:03.763+08:00	ENC,38228,38150
3.578000	2026-08-04T20:37:03.768+08:00	CTL,105899,37,38,375,380,385,397,1688,1702,-1
3.625000	2026-08-04T20:37:03.812+08:00	ENC,38414,38341
3.672000	2026-08-04T20:37:03.860+08:00	ENC,38600,38526
3.687000	2026-08-04T20:37:03.869+08:00	CTL,105999,37,37,371,374,394,393,1664,1681,-1
3.734000	2026-08-04T20:37:03.912+08:00	ENC,38783,38710
3.781000	2026-08-04T20:37:03.963+08:00	ENC,38965,38893
3.781000	2026-08-04T20:37:03.966+08:00	CTL,106099,36,37,371,374,384,389,1670,1681,-1
3.828000	2026-08-04T20:37:04.012+08:00	ENC,39148,39075
3.875000	2026-08-04T20:37:04.063+08:00	ENC,39332,39255
3.891000	2026-08-04T20:37:04.069+08:00	CTL,106199,36,36,370,375,389,382,1662,1688,-1
3.937000	2026-08-04T20:37:04.110+08:00	ENC,39513,39432
3.969000	2026-08-04T20:37:04.160+08:00	ENC,39697,39605
3.984000	2026-08-04T20:37:04.166+08:00	CTL,106299,37,36,367,378,391,372,1647,1707,-3
4.031000	2026-08-04T20:37:04.209+08:00	ENC,39879,39789
4.078000	2026-08-04T20:37:04.261+08:00	ENC,40062,39978
4.078000	2026-08-04T20:37:04.268+08:00	CTL,106399,37,39,368,376,390,404,1651,1677,-2
4.125000	2026-08-04T20:37:04.313+08:00	ENC,40246,40168
4.172000	2026-08-04T20:37:04.363+08:00	ENC,40432,40355
4.187000	2026-08-04T20:37:04.368+08:00	CTL,106499,37,37,370,375,394,396,1653,1675,-1
4.234000	2026-08-04T20:37:04.412+08:00	ENC,40616,40538
4.281000	2026-08-04T20:37:04.463+08:00	ENC,40796,40718
4.281000	2026-08-04T20:37:04.468+08:00	CTL,106599,36,35,370,375,383,381,1658,1686,-1
4.328000	2026-08-04T20:37:04.514+08:00	ENC,40976,40898
4.375000	2026-08-04T20:37:04.561+08:00	ENC,41154,41079
4.391000	2026-08-04T20:37:04.567+08:00	CTL,106699,36,36,370,375,379,384,1662,1680,-1
4.422000	2026-08-04T20:37:04.609+08:00	ENC,41335,41253
4.484000	2026-08-04T20:37:04.663+08:00	ENC,41519,41427
4.484000	2026-08-04T20:37:04.669+08:00	CTL,106799,37,36,367,378,390,374,1639,1702,-3
4.531000	2026-08-04T20:37:04.711+08:00	ENC,41699,41613
4.578000	2026-08-04T20:37:04.763+08:00	ENC,41879,41805
4.578000	2026-08-04T20:37:04.769+08:00	CTL,106899,37,39,371,374,384,408,1657,1661,-1
4.625000	2026-08-04T20:37:04.811+08:00	ENC,42063,41996
4.672000	2026-08-04T20:37:04.862+08:00	ENC,42248,42182
4.687000	2026-08-04T20:37:04.868+08:00	CTL,106999,37,37,372,373,392,396,1655,1661,0
4.734000	2026-08-04T20:37:04.911+08:00	ENC,42432,42365
4.781000	2026-08-04T20:37:04.962+08:00	ENC,42611,42545
4.781000	2026-08-04T20:37:04.968+08:00	CTL,107099,35,35,372,373,379,379,1663,1671,0
4.828000	2026-08-04T20:37:05.012+08:00	ENC,42792,42724
4.875000	2026-08-04T20:37:05.063+08:00	ENC,42973,42903
4.891000	2026-08-04T20:37:05.068+08:00	CTL,107199,36,34,371,373,383,375,1656,1677,-1
4.922000	2026-08-04T20:37:05.109+08:00	ENC,43155,43074
4.984000	2026-08-04T20:37:05.163+08:00	ENC,43336,43251
4.984000	2026-08-04T20:37:05.168+08:00	CTL,107299,36,36,368,377,383,378,1643,1687,-2
5.031000	2026-08-04T20:37:05.212+08:00	ENC,43516,43437
5.078000	2026-08-04T20:37:05.261+08:00	ENC,43698,43628
5.078000	2026-08-04T20:37:05.266+08:00	CTL,107399,37,38,371,373,388,404,1650,1655,-1
5.125000	2026-08-04T20:37:05.312+08:00	ENC,43883,43817
5.172000	2026-08-04T20:37:05.363+08:00	ENC,44068,44003
5.187000	2026-08-04T20:37:05.365+08:00	CTL,107499,37,37,372,372,392,394,1649,1656,0
5.234000	2026-08-04T20:37:05.412+08:00	ENC,44249,44185
5.281000	2026-08-04T20:37:05.459+08:00	ENC,44431,44366
5.281000	2026-08-04T20:37:05.466+08:00	CTL,107599,36,35,372,372,386,381,1652,1663,0
5.328000	2026-08-04T20:37:05.511+08:00	ENC,44614,44546
5.375000	2026-08-04T20:37:05.563+08:00	ENC,44794,44722
5.391000	2026-08-04T20:37:05.567+08:00	CTL,107699,36,34,371,374,382,371,1648,1676,-1
5.422000	2026-08-04T20:37:05.611+08:00	ENC,44975,44891
5.469000	2026-08-04T20:37:05.659+08:00	ENC,45155,45069
5.484000	2026-08-04T20:37:05.669+08:00	CTL,107799,36,36,368,377,382,377,1636,1683,-2
5.531000	2026-08-04T20:37:05.709+08:00	ENC,45334,45254
5.578000	2026-08-04T20:37:05.760+08:00	ENC,45519,45445
5.578000	2026-08-04T20:37:05.769+08:00	CTL,107899,38,39,371,374,394,406,1636,1652,-1
5.625000	2026-08-04T20:37:05.812+08:00	ENC,45704,45635
5.672000	2026-08-04T20:37:05.858+08:00	ENC,45888,45821
5.687000	2026-08-04T20:37:05.868+08:00	CTL,107999,37,36,372,373,391,393,1641,1653,0
5.719000	2026-08-04T20:37:05.908+08:00	ENC,46070,46004
5.781000	2026-08-04T20:37:05.960+08:00	ENC,46251,46184
5.781000	2026-08-04T20:37:05.965+08:00	CTL,108099,36,36,372,373,385,383,1644,1659,0
5.828000	2026-08-04T20:37:06.013+08:00	ENC,46431,46365
5.875000	2026-08-04T20:37:06.060+08:00	ENC,46611,46538
5.875000	2026-08-04T20:37:06.064+08:00	CTL,108199,36,34,371,374,382,367,1641,1674,-1
5.922000	2026-08-04T20:37:06.110+08:00	ENC,46792,46709
5.984000	2026-08-04T20:37:06.160+08:00	ENC,46974,46889
5.984000	2026-08-04T20:37:06.168+08:00	CTL,108299,37,37,384,392,387,385,1685,1730,-2
6.031000	2026-08-04T20:37:06.212+08:00	ENC,47157,47081
6.078000	2026-08-04T20:37:06.263+08:00	ENC,47345,47277
6.078000	2026-08-04T20:37:06.267+08:00	CTL,108399,38,40,387,389,400,417,1689,1693,0
6.125000	2026-08-04T20:37:06.313+08:00	ENC,47537,47471
6.172000	2026-08-04T20:37:06.362+08:00	ENC,47726,47662
6.187000	2026-08-04T20:37:06.366+08:00	CTL,108499,37,38,388,388,400,406,1691,1695,0
6.234000	2026-08-04T20:37:06.412+08:00	ENC,47913,47850
6.281000	2026-08-04T20:37:06.460+08:00	ENC,48099,48035
6.281000	2026-08-04T20:37:06.466+08:00	CTL,108599,37,37,388,388,393,393,1695,1703,0
6.328000	2026-08-04T20:37:06.513+08:00	ENC,48285,48218
6.375000	2026-08-04T20:37:06.562+08:00	ENC,48471,48394
6.391000	2026-08-04T20:37:06.568+08:00	CTL,108699,37,35,385,390,395,374,1682,1728,-1
6.422000	2026-08-04T20:37:06.612+08:00	ENC,48656,48571
6.469000	2026-08-04T20:37:06.659+08:00	ENC,48837,48759
6.484000	2026-08-04T20:37:06.667+08:00	CTL,108799,36,39,385,391,385,400,1688,1711,-1
6.531000	2026-08-04T20:37:06.710+08:00	ENC,49022,48951
6.578000	2026-08-04T20:37:06.761+08:00	ENC,49214,49148
6.578000	2026-08-04T20:37:06.766+08:00	CTL,108899,39,39,388,388,406,416,1681,1689,0
6.625000	2026-08-04T20:37:06.811+08:00	ENC,49406,49341
6.672000	2026-08-04T20:37:06.861+08:00	ENC,49594,49534
6.687000	2026-08-04T20:37:06.865+08:00	CTL,108999,37,38,389,387,399,407,1690,1688,1
6.734000	2026-08-04T20:37:06.911+08:00	ENC,49784,49721
6.781000	2026-08-04T20:37:06.962+08:00	ENC,49972,49908
6.781000	2026-08-04T20:37:06.965+08:00	CTL,109099,38,37,388,388,400,395,1685,1698,0
6.828000	2026-08-04T20:37:07.011+08:00	ENC,50162,50090
6.875000	2026-08-04T20:37:07.062+08:00	ENC,50362,50281
6.891000	2026-08-04T20:37:07.067+08:00	CTL,109199,41,39,457,464,427,407,1923,1975,-2
6.922000	2026-08-04T20:37:07.109+08:00	ENC,50570,50486
6.984000	2026-08-04T20:37:07.161+08:00	ENC,50782,50705
6.984000	2026-08-04T20:37:07.166+08:00	CTL,109299,43,44,458,463,450,462,1911,1936,-1
7.031000	2026-08-04T20:37:07.209+08:00	ENC,50999,50930
7.078000	2026-08-04T20:37:07.259+08:00	ENC,51218,51153
7.078000	2026-08-04T20:37:07.268+08:00	CTL,109399,43,44,460,460,462,471,1912,1918,0
7.125000	2026-08-04T20:37:07.312+08:00	ENC,51434,51371
7.172000	2026-08-04T20:37:07.360+08:00	ENC,51650,51585
7.187000	2026-08-04T20:37:07.365+08:00	CTL,109499,43,43,460,460,459,455,1914,1930,0
7.234000	2026-08-04T20:37:07.412+08:00	ENC,51863,51794
7.281000	2026-08-04T20:37:07.460+08:00	ENC,52075,51997
7.281000	2026-08-04T20:37:07.466+08:00	CTL,109599,42,41,458,463,450,432,1912,1957,-1
7.328000	2026-08-04T20:37:07.513+08:00	ENC,52285,52202
7.375000	2026-08-04T20:37:07.558+08:00	ENC,52493,52417
7.391000	2026-08-04T20:37:07.568+08:00	CTL,109699,42,43,458,463,443,456,1919,1942,-1
7.422000	2026-08-04T20:37:07.610+08:00	ENC,52706,52641
7.484000	2026-08-04T20:37:07.663+08:00	ENC,52925,52863
7.484000	2026-08-04T20:37:07.668+08:00	CTL,109799,43,44,456,455,461,471,1897,1900,0
7.531000	2026-08-04T20:37:07.711+08:00	ENC,53142,53083
7.578000	2026-08-04T20:37:07.762+08:00	ENC,53357,53297
7.578000	2026-08-04T20:37:07.768+08:00	CTL,109899,43,43,456,454,457,456,1903,1908,1
7.625000	2026-08-04T20:37:07.811+08:00	ENC,53569,53508
7.672000	2026-08-04T20:37:07.859+08:00	ENC,53781,53709
7.687000	2026-08-04T20:37:07.866+08:00	CTL,109999,42,40,454,457,448,428,1899,1938,-1
7.734000	2026-08-04T20:37:07.911+08:00	ENC,53992,53911
7.781000	2026-08-04T20:37:07.962+08:00	ENC,54195,54121
7.781000	2026-08-04T20:37:07.963+08:00	CTL,110099,41,42,453,457,433,444,1910,1930,-1
7.828000	2026-08-04T20:37:08.009+08:00	ENC,54404,54339
7.875000	2026-08-04T20:37:08.062+08:00	ENC,54623,54561
7.891000	2026-08-04T20:37:08.068+08:00	CTL,110199,44,45,456,455,465,471,1897,1902,0
7.922000	2026-08-04T20:37:08.112+08:00	ENC,54840,54783
7.984000	2026-08-04T20:37:08.163+08:00	ENC,55056,55001
7.984000	2026-08-04T20:37:08.167+08:00	CTL,110299,43,43,457,453,457,461,1907,1901,1
8.031000	2026-08-04T20:37:08.212+08:00	ENC,55271,55215
8.078000	2026-08-04T20:37:08.262+08:00	ENC,55485,55419
8.078000	2026-08-04T20:37:08.267+08:00	CTL,110399,43,41,455,455,454,435,1902,1929,0
8.125000	2026-08-04T20:37:08.310+08:00	ENC,55696,55621
8.172000	2026-08-04T20:37:08.358+08:00	ENC,55902,55831
8.187000	2026-08-04T20:37:08.363+08:00	CTL,110499,41,43,454,456,437,447,1910,1926,-1
8.234000	2026-08-04T20:37:08.412+08:00	ENC,56109,56043
8.281000	2026-08-04T20:37:08.462+08:00	ENC,56325,56265
8.281000	2026-08-04T20:37:08.467+08:00	CTL,110599,44,45,456,454,460,471,1904,1901,1
8.328000	2026-08-04T20:37:08.511+08:00	ENC,56542,56489
8.375000	2026-08-04T20:37:08.561+08:00	ENC,56759,56707
8.391000	2026-08-04T20:37:08.568+08:00	CTL,110699,43,42,458,452,460,460,1910,1901,1
8.422000	2026-08-04T20:37:08.611+08:00	ENC,56975,56922
8.469000	2026-08-04T20:37:08.660+08:00	ENC,57190,57129
8.484000	2026-08-04T20:37:08.665+08:00	CTL,110799,43,40,456,454,455,436,1905,1925,0
8.531000	2026-08-04T20:37:08.712+08:00	ENC,57402,57331
8.578000	2026-08-04T20:37:08.762+08:00	ENC,57608,57536
8.578000	2026-08-04T20:37:08.767+08:00	CTL,110899,41,41,454,457,437,436,1910,1936,-1
8.625000	2026-08-04T20:37:08.811+08:00	ENC,57814,57746
8.672000	2026-08-04T20:37:08.861+08:00	ENC,58025,57964
8.687000	2026-08-04T20:37:08.868+08:00	CTL,110999,43,45,456,454,450,465,1911,1907,0
8.719000	2026-08-04T20:37:08.910+08:00	ENC,58243,58187
8.781000	2026-08-04T20:37:08.962+08:00	ENC,58461,58410
8.781000	2026-08-04T20:37:08.964+08:00	CTL,111099,44,44,458,452,463,472,1909,1893,1
8.828000	2026-08-04T20:37:09.011+08:00	ENC,58679,58627
8.875000	2026-08-04T20:37:09.062+08:00	ENC,58894,58840
8.875000	2026-08-04T20:37:09.067+08:00	CTL,111199,43,41,458,453,457,448,1912,1911,1
8.922000	2026-08-04T20:37:09.112+08:00	ENC,59108,59041
8.984000	2026-08-04T20:37:09.162+08:00	ENC,59318,59245
8.984000	2026-08-04T20:37:09.168+08:00	CTL,111299,42,41,453,457,445,435,1905,1938,-1
9.031000	2026-08-04T20:37:09.211+08:00	ENC,59521,59453
9.078000	2026-08-04T20:37:09.259+08:00	ENC,59729,59667
9.078000	2026-08-04T20:37:09.265+08:00	CTL,111399,43,44,456,455,444,456,1916,1915,0
9.125000	2026-08-04T20:37:09.309+08:00	ENC,59946,59887
9.172000	2026-08-04T20:37:09.361+08:00	ENC,60166,60112
9.187000	2026-08-04T20:37:09.367+08:00	CTL,111499,44,45,458,453,466,476,1907,1894,1
9.234000	2026-08-04T20:37:09.411+08:00	ENC,60384,60334
9.281000	2026-08-04T20:37:09.458+08:00	ENC,60601,60549
9.281000	2026-08-04T20:37:09.465+08:00	CTL,111599,43,43,458,452,460,458,1912,1903,1
9.328000	2026-08-04T20:37:09.510+08:00	ENC,60817,60753
9.375000	2026-08-04T20:37:09.562+08:00	ENC,61028,60956
9.391000	2026-08-04T20:37:09.568+08:00	CTL,111699,42,42,454,457,446,436,1906,1936,-1
9.422000	2026-08-04T20:37:09.610+08:00	ENC,61233,61165
9.484000	2026-08-04T20:37:09.661+08:00	ENC,61440,61376
9.484000	2026-08-04T20:37:09.666+08:00	CTL,111799,42,43,455,455,440,449,1918,1922,0
9.531000	2026-08-04T20:37:09.709+08:00	ENC,61655,61593
9.578000	2026-08-04T20:37:09.762+08:00	ENC,61873,61818
9.594000	2026-08-04T20:37:09.781+08:00	CTL,111899,43,45,457,453,461,477,1911,1894,1
9.625000	2026-08-04T20:37:09.810+08:00	ENC,62092,62042
9.672000	2026-08-04T20:37:09.862+08:00	ENC,62310,62260
9.687000	2026-08-04T20:37:09.867+08:00	CTL,111999,43,43,458,452,462,462,1913,1899,2
9.719000	2026-08-04T20:37:09.910+08:00	ENC,62527,62469
9.781000	2026-08-04T20:37:09.960+08:00	ENC,62741,62671
9.781000	2026-08-04T20:37:09.966+08:00	CTL,112099,43,41,454,456,454,432,1903,1937,-1
9.828000	2026-08-04T20:37:10.010+08:00	ENC,62947,62879
9.875000	2026-08-04T20:37:10.058+08:00	ENC,63154,63089
9.875000	2026-08-04T20:37:10.063+08:00	CTL,112199,42,42,455,455,440,446,1919,1925,0
9.922000	2026-08-04T20:37:10.109+08:00	ENC,63363,63302
9.984000	2026-08-04T20:37:10.162+08:00	ENC,63580,63525
9.984000	2026-08-04T20:37:10.165+08:00	CTL,112299,43,46,457,453,458,475,1914,1896,1
10.031000	2026-08-04T20:37:10.212+08:00	ENC,63799,63748
10.078000	2026-08-04T20:37:10.261+08:00	ENC,64019,63970
10.078000	2026-08-04T20:37:10.266+08:00	CTL,112399,44,44,459,452,466,469,1913,1893,2
10.125000	2026-08-04T20:37:10.312+08:00	ENC,64236,64183
10.172000	2026-08-04T20:37:10.362+08:00	ENC,64453,64385
10.187000	2026-08-04T20:37:10.366+08:00	CTL,112499,44,40,455,456,461,428,1901,1937,0
10.234000	2026-08-04T20:37:10.411+08:00	ENC,64661,64592
10.281000	2026-08-04T20:37:10.462+08:00	ENC,64866,64801
10.281000	2026-08-04T20:37:10.467+08:00	CTL,112599,41,42,455,455,436,444,1922,1926,0
10.328000	2026-08-04T20:37:10.513+08:00	ENC,65074,65013
10.375000	2026-08-04T20:37:10.558+08:00	ENC,65288,65230
10.391000	2026-08-04T20:37:10.567+08:00	CTL,112699,43,44,457,454,455,462,1915,1908,1
10.422000	2026-08-04T20:37:10.611+08:00	ENC,65507,65453
10.469000	2026-08-04T20:37:10.658+08:00	ENC,65726,65678
10.484000	2026-08-04T20:37:10.665+08:00	CTL,112799,44,45,459,452,465,477,1915,1888,2
10.531000	2026-08-04T20:37:10.711+08:00	ENC,65944,65896
10.578000	2026-08-04T20:37:10.761+08:00	ENC,66162,66101
10.578000	2026-08-04T20:37:10.767+08:00	CTL,112899,44,40,456,454,463,435,1906,1927,0
10.625000	2026-08-04T20:37:10.810+08:00	ENC,66374,66305
10.672000	2026-08-04T20:37:10.861+08:00	ENC,66579,66515
10.687000	2026-08-04T20:37:10.866+08:00	CTL,112999,41,42,455,455,436,445,1923,1924,0
10.719000	2026-08-04T20:37:10.910+08:00	ENC,66786,66725
10.781000	2026-08-04T20:37:10.962+08:00	ENC,66997,66938
10.781000	2026-08-04T20:37:10.965+08:00	CTL,113099,42,44,456,454,447,455,1920,1914,1
10.828000	2026-08-04T20:37:11.010+08:00	ENC,67214,67159
10.875000	2026-08-04T20:37:11.061+08:00	ENC,67432,67383
10.891000	2026-08-04T20:37:11.067+08:00	CTL,113199,44,45,459,452,463,474,1917,1891,2
10.922000	2026-08-04T20:37:11.108+08:00	ENC,67652,67605
10.969000	2026-08-04T20:37:11.159+08:00	ENC,67871,67814
10.984000	2026-08-04T20:37:11.167+08:00	CTL,113299,44,40,457,453,465,440,1909,1920,1
11.031000	2026-08-04T20:37:11.211+08:00	ENC,68086,68018
11.078000	2026-08-04T20:37:11.257+08:00	ENC,68292,68226
11.078000	2026-08-04T20:37:11.267+08:00	CTL,113399,41,41,455,455,438,440,1921,1929,0
11.125000	2026-08-04T20:37:11.310+08:00	ENC,68499,68438
11.172000	2026-08-04T20:37:11.361+08:00	ENC,68709,68648
11.187000	2026-08-04T20:37:11.367+08:00	CTL,113499,42,42,456,454,445,446,1921,1921,0
11.234000	2026-08-04T20:37:11.411+08:00	ENC,68922,68866
11.281000	2026-08-04T20:37:11.461+08:00	ENC,69141,69089
11.281000	2026-08-04T20:37:11.465+08:00	CTL,113599,44,45,458,452,464,474,1916,1894,1
11.328000	2026-08-04T20:37:11.512+08:00	ENC,69361,69312
11.375000	2026-08-04T20:37:11.562+08:00	ENC,69580,69529
11.391000	2026-08-04T20:37:11.567+08:00	CTL,113699,44,42,458,452,465,457,1914,1904,1
11.422000	2026-08-04T20:37:11.611+08:00	ENC,69798,69732
11.469000	2026-08-04T20:37:11.659+08:00	ENC,70007,69939
11.484000	2026-08-04T20:37:11.665+08:00	CTL,113799,41,41,455,456,442,437,1918,1932,0
11.531000	2026-08-04T20:37:11.709+08:00	ENC,70214,70151
11.578000	2026-08-04T20:37:11.760+08:00	ENC,70423,70363
11.578000	2026-08-04T20:37:11.767+08:00	CTL,113899,42,42,456,454,445,449,1923,1918,1
11.625000	2026-08-04T20:37:11.810+08:00	ENC,70635,70576
11.672000	2026-08-04T20:37:11.860+08:00	ENC,70852,70797
11.687000	2026-08-04T20:37:11.865+08:00	CTL,113999,44,44,457,453,461,469,1916,1900,1
11.734000	2026-08-04T20:37:11.912+08:00	ENC,71071,71021
11.781000	2026-08-04T20:37:11.961+08:00	ENC,71292,71243
11.781000	2026-08-04T20:37:11.966+08:00	CTL,114099,45,43,459,452,470,467,1914,1894,2
11.828000	2026-08-04T20:37:12.012+08:00	ENC,71512,71449
11.875000	2026-08-04T20:37:12.058+08:00	ENC,71725,71656
11.891000	2026-08-04T20:37:12.067+08:00	CTL,114199,42,42,454,456,451,440,1911,1930,0
11.922000	2026-08-04T20:37:12.112+08:00	ENC,71929,71867
11.984000	2026-08-04T20:37:12.162+08:00	ENC,72138,72078
11.984000	2026-08-04T20:37:12.165+08:00	CTL,114299,42,42,456,454,444,448,1925,1918,1
12.031000	2026-08-04T20:37:12.211+08:00	ENC,72350,72290
12.078000	2026-08-04T20:37:12.262+08:00	ENC,72564,72507
12.078000	2026-08-04T20:37:12.267+08:00	CTL,114399,43,45,457,453,455,463,1920,1905,1
12.125000	2026-08-04T20:37:12.308+08:00	ENC,72783,72730
12.172000	2026-08-04T20:37:12.361+08:00	ENC,73003,72954
12.187000	2026-08-04T20:37:12.366+08:00	CTL,114499,44,45,459,452,466,475,1918,1889,2
12.234000	2026-08-04T20:37:12.411+08:00	ENC,73225,73166
12.281000	2026-08-04T20:37:12.461+08:00	ENC,73441,73374
12.281000	2026-08-04T20:37:12.467+08:00	CTL,114599,43,42,455,456,458,443,1908,1926,0
12.328000	2026-08-04T20:37:12.510+08:00	ENC,73647,73583
12.375000	2026-08-04T20:37:12.561+08:00	ENC,73856,73795
12.375000	2026-08-04T20:37:12.566+08:00	CTL,114699,42,42,456,454,444,447,1924,1920,0
12.422000	2026-08-04T20:37:12.610+08:00	ENC,74067,74007
12.469000	2026-08-04T20:37:12.659+08:00	ENC,74280,74221
12.484000	2026-08-04T20:37:12.665+08:00	CTL,114799,43,43,456,454,452,454,1920,1914,1
12.531000	2026-08-04T20:37:12.709+08:00	ENC,74497,74442
12.578000	2026-08-04T20:37:12.761+08:00	ENC,74717,74665
12.578000	2026-08-04T20:37:12.766+08:00	CTL,114899,44,45,458,452,466,475,1916,1892,1
12.625000	2026-08-04T20:37:12.809+08:00	ENC,74938,74883
12.672000	2026-08-04T20:37:12.862+08:00	ENC,75157,75092
12.687000	2026-08-04T20:37:12.864+08:00	CTL,114999,43,42,455,455,463,445,1907,1923,0
12.734000	2026-08-04T20:37:12.913+08:00	ENC,75367,75302
12.781000	2026-08-04T20:37:12.960+08:00	ENC,75574,75514
12.781000	2026-08-04T20:37:12.965+08:00	CTL,115099,42,43,456,454,441,450,1928,1916,1
12.828000	2026-08-04T20:37:13.011+08:00	ENC,75784,75726
12.875000	2026-08-04T20:37:13.059+08:00	ENC,75996,75938
12.875000	2026-08-04T20:37:13.065+08:00	CTL,115199,43,42,457,454,451,449,1923,1915,1
12.922000	2026-08-04T20:37:13.108+08:00	ENC,76210,76154
12.969000	2026-08-04T20:37:13.159+08:00	ENC,76429,76376
12.984000	2026-08-04T20:37:13.164+08:00	CTL,115299,43,45,458,453,462,471,1919,1896,1
13.031000	2026-08-04T20:37:13.211+08:00	ENC,76650,76597
13.078000	2026-08-04T20:37:13.259+08:00	ENC,76871,76808
13.078000	2026-08-04T20:37:13.264+08:00	CTL,115399,44,42,456,455,469,449,1905,1918,0
13.125000	2026-08-04T20:37:13.312+08:00	ENC,77084,77018
13.172000	2026-08-04T20:37:13.359+08:00	ENC,77290,77230
13.172000	2026-08-04T20:37:13.363+08:00	CTL,115499,41,42,456,454,439,448,1929,1917,1
13.234000	2026-08-04T20:37:13.411+08:00	ENC,77501,77442
13.281000	2026-08-04T20:37:13.459+08:00	ENC,77713,77654
13.281000	2026-08-04T20:37:13.467+08:00	CTL,115599,42,43,456,454,449,450,1923,1915,1
13.328000	2026-08-04T20:37:13.509+08:00	ENC,77925,77868
13.375000	2026-08-04T20:37:13.561+08:00	ENC,78142,78087
13.391000	2026-08-04T20:37:13.567+08:00	CTL,115699,44,45,457,453,461,467,1919,1900,1
13.422000	2026-08-04T20:37:13.609+08:00	ENC,78362,78309
13.484000	2026-08-04T20:37:13.661+08:00	ENC,78584,78523
13.484000	2026-08-04T20:37:13.666+08:00	CTL,115799,44,42,456,454,469,454,1908,1913,0
13.531000	2026-08-04T20:37:13.707+08:00	ENC,78800,78734
13.578000	2026-08-04T20:37:13.761+08:00	ENC,79008,78947
13.578000	2026-08-04T20:37:13.764+08:00	CTL,115899,42,42,456,454,444,450,1925,1916,0
13.625000	2026-08-04T20:37:13.807+08:00	ENC,79219,79159
13.672000	2026-08-04T20:37:13.861+08:00	ENC,79431,79371
13.703000	2026-08-04T20:37:13.883+08:00	CTL,115999,42,42,456,454,449,450,1924,1915,1
13.719000	2026-08-04T20:37:13.910+08:00	ENC,79642,79585
13.781000	2026-08-04T20:37:13.961+08:00	ENC,79858,79800
13.781000	2026-08-04T20:37:13.965+08:00	CTL,116099,44,44,457,454,459,458,1918,1908,1
13.828000	2026-08-04T20:37:14.007+08:00	ENC,80077,80021
13.875000	2026-08-04T20:37:14.060+08:00	ENC,80297,80237
13.875000	2026-08-04T20:37:14.065+08:00	CTL,116199,44,43,456,454,467,458,1911,1908,1
13.922000	2026-08-04T20:37:14.110+08:00	ENC,80515,80450
13.984000	2026-08-04T20:37:14.161+08:00	ENC,80726,80663
13.984000	2026-08-04T20:37:14.165+08:00	CTL,116299,42,42,456,455,448,451,1921,1916,0
14.031000	2026-08-04T20:37:14.211+08:00	ENC,80937,80875
14.078000	2026-08-04T20:37:14.257+08:00	ENC,81149,81089
14.078000	2026-08-04T20:37:14.262+08:00	CTL,116399,43,43,456,454,450,454,1923,1912,1
14.125000	2026-08-04T20:37:14.309+08:00	ENC,81362,81303
14.172000	2026-08-04T20:37:14.361+08:00	ENC,81576,81516
14.187000	2026-08-04T20:37:14.364+08:00	CTL,116499,43,43,456,454,455,452,1920,1913,1
14.219000	2026-08-04T20:37:14.407+08:00	ENC,81793,81734
14.281000	2026-08-04T20:37:14.459+08:00	ENC,82012,81952
14.281000	2026-08-04T20:37:14.464+08:00	CTL,116599,44,43,456,454,465,460,1912,1907,1
14.328000	2026-08-04T20:37:14.510+08:00	ENC,82232,82166
14.375000	2026-08-04T20:37:14.561+08:00	ENC,82446,82381
14.375000	2026-08-04T20:37:14.567+08:00	CTL,116699,43,43,455,455,454,457,1916,1913,0
14.422000	2026-08-04T20:37:14.610+08:00	ENC,82655,82595
14.469000	2026-08-04T20:37:14.659+08:00	ENC,82868,82808
14.484000	2026-08-04T20:37:14.664+08:00	CTL,116799,43,43,456,454,452,452,1921,1913,1
14.531000	2026-08-04T20:37:14.710+08:00	ENC,83082,83023
14.578000	2026-08-04T20:37:14.757+08:00	ENC,83294,83237
14.578000	2026-08-04T20:37:14.767+08:00	CTL,116899,42,43,457,453,450,455,1926,1908,1
14.625000	2026-08-04T20:37:14.809+08:00	ENC,83509,83452
14.672000	2026-08-04T20:37:14.859+08:00	ENC,83729,83669
14.687000	2026-08-04T20:37:14.865+08:00	CTL,116999,44,43,456,454,465,459,1913,1908,1
14.719000	2026-08-04T20:37:14.908+08:00	ENC,83950,83883
14.781000	2026-08-04T20:37:14.960+08:00	ENC,84163,84099
14.781000	2026-08-04T20:37:14.964+08:00	CTL,117099,42,44,455,455,451,460,1918,1910,0
14.828000	2026-08-04T20:37:15.010+08:00	ENC,84374,84314
14.875000	2026-08-04T20:37:15.061+08:00	ENC,84588,84527
14.875000	2026-08-04T20:37:15.066+08:00	CTL,117199,43,42,456,454,454,450,1919,1915,0
14.922000	2026-08-04T20:37:15.107+08:00	ENC,84802,84741
14.969000	2026-08-04T20:37:15.159+08:00	ENC,85014,84956
14.984000	2026-08-04T20:37:15.164+08:00	CTL,117299,43,43,457,454,451,455,1924,1909,1
15.031000	2026-08-04T20:37:15.210+08:00	ENC,85229,85169
15.078000	2026-08-04T20:37:15.259+08:00	ENC,85447,85385
15.078000	2026-08-04T20:37:15.264+08:00	CTL,117399,44,43,456,455,464,457,1911,1910,0
15.125000	2026-08-04T20:37:15.308+08:00	ENC,85666,85599
15.172000	2026-08-04T20:37:15.360+08:00	ENC,85881,85814
15.187000	2026-08-04T20:37:15.365+08:00	CTL,117499,42,43,455,456,454,458,1914,1914,0
15.219000	2026-08-04T20:37:15.407+08:00	ENC,86094,86031
15.281000	2026-08-04T20:37:15.458+08:00	ENC,86309,86247
15.281000	2026-08-04T20:37:15.465+08:00	CTL,117599,43,43,456,455,455,457,1917,1910,0
15.328000	2026-08-04T20:37:15.510+08:00	ENC,86524,86461
15.375000	2026-08-04T20:37:15.561+08:00	ENC,86737,86677
15.375000	2026-08-04T20:37:15.566+08:00	CTL,117699,43,43,456,454,453,457,1921,1908,1
15.422000	2026-08-04T20:37:15.610+08:00	ENC,86952,86890
15.469000	2026-08-04T20:37:15.658+08:00	ENC,87166,87104
15.484000	2026-08-04T20:37:15.664+08:00	CTL,117799,43,42,456,455,456,452,1917,1914,0
15.531000	2026-08-04T20:37:15.711+08:00	ENC,87385,87317
15.578000	2026-08-04T20:37:15.758+08:00	ENC,87602,87531
15.578000	2026-08-04T20:37:15.763+08:00	CTL,117899,43,44,454,456,459,458,1907,1916,-1
15.625000	2026-08-04T20:37:15.810+08:00	ENC,87816,87750
15.672000	2026-08-04T20:37:15.857+08:00	ENC,88030,87969
15.687000	2026-08-04T20:37:15.867+08:00	CTL,117999,43,44,461,459,454,465,1938,1923,0
15.719000	2026-08-04T20:37:15.907+08:00	ENC,88248,88185
15.781000	2026-08-04T20:37:15.960+08:00	ENC,88466,88403
15.781000	2026-08-04T20:37:15.966+08:00	CTL,118099,44,43,466,465,463,461,1950,1946,0
15.828000	2026-08-04T20:37:16.009+08:00	ENC,88683,88622
15.875000	2026-08-04T20:37:16.059+08:00	ENC,88901,88839
15.875000	2026-08-04T20:37:16.064+08:00	CTL,118199,44,44,466,465,464,462,1950,1946,0
15.922000	2026-08-04T20:37:16.110+08:00	ENC,89122,89053
15.984000	2026-08-04T20:37:16.161+08:00	ENC,89344,89269
15.984000	2026-08-04T20:37:16.162+08:00	CTL,118299,44,44,463,468,470,462,1936,1957,-1
16.016000	2026-08-04T20:37:16.207+08:00	ENC,89560,89492
16.078000	2026-08-04T20:37:16.260+08:00	ENC,89777,89715
16.078000	2026-08-04T20:37:16.266+08:00	CTL,118399,44,45,466,465,462,473,1951,1938,0
16.125000	2026-08-04T20:37:16.307+08:00	ENC,89998,89934
16.172000	2026-08-04T20:37:16.361+08:00	ENC,90217,90154
16.187000	2026-08-04T20:37:16.366+08:00	CTL,118499,43,44,466,465,463,467,1951,1943,0
16.219000	2026-08-04T20:37:16.408+08:00	ENC,90433,90372
16.281000	2026-08-04T20:37:16.461+08:00	ENC,90652,90590
16.281000	2026-08-04T20:37:16.466+08:00	CTL,118599,44,44,461,460,465,463,1931,1926,0
16.328000	2026-08-04T20:37:16.513+08:00	ENC,90872,90801
16.375000	2026-08-04T20:37:16.559+08:00	ENC,91089,91013
16.375000	2026-08-04T20:37:16.566+08:00	CTL,118699,42,43,355,359,457,452,1540,1561,-1
16.422000	2026-08-04T20:37:16.610+08:00	ENC,91273,91202
16.469000	2026-08-04T20:37:16.658+08:00	ENC,91406,91338
16.484000	2026-08-04T20:37:16.662+08:00	CTL,118799,23,23,0,0,244,244,0,0,0
16.531000	2026-08-04T20:37:16.709+08:00	ENC,91506,91444
16.578000	2026-08-04T20:37:16.760+08:00	ENC,91586,91521
16.578000	2026-08-04T20:37:16.762+08:00	CTL,118899,13,12,0,0,138,127,0,0,0
16.625000	2026-08-04T20:37:16.810+08:00	ENC,91630,91561
16.672000	2026-08-04T20:37:16.860+08:00	ENC,91648,91577
16.687000	2026-08-04T20:37:16.864+08:00	CTL,118999,2,1,0,0,21,11,0,0,0
16.719000	2026-08-04T20:37:16.908+08:00	ENC,91649,91577
16.781000	2026-08-04T20:37:16.960+08:00	ENC,91649,91577
16.781000	2026-08-04T20:37:16.963+08:00	CTL,119099,0,0,0,0,0,0,0,0,0
16.828000	2026-08-04T20:37:17.010+08:00	ENC,91649,91577
16.875000	2026-08-04T20:37:17.057+08:00	ENC,91649,91577
16.875000	2026-08-04T20:37:17.062+08:00	CTL,119199,0,0,0,0,0,0,0,0,0
16.922000	2026-08-04T20:37:17.110+08:00	ENC,91649,91577
16.984000	2026-08-04T20:37:17.161+08:00	ENC,91649,91577
16.984000	2026-08-04T20:37:17.163+08:00	CTL,119299,0,0,0,0,0,0,0,0,0
17.031000	2026-08-04T20:37:17.210+08:00	ENC,91649,91577
17.078000	2026-08-04T20:37:17.258+08:00	ENC,91649,91577
17.078000	2026-08-04T20:37:17.263+08:00	CTL,119399,0,0,0,0,0,0,0,0,0
