# Cup car straight-run telemetry
# Started: 2026-08-04T20:36:29.694+08:00
# Port: COM3, baud: 115200
# CTL fields: mcu_ms,dL,dR,targetL_mmps,targetR_mmps,measuredL_mmps,measuredR_mmps,pwmL,pwmR,sync_error_mm
# ENC fields: left_total,right_total
pc_elapsed_s	pc_time	frame
0.031000	2026-08-04T20:36:29.728+08:00	ENC,-311,-363
0.078000	2026-08-04T20:36:29.770+08:00	ENC,-311,-363
0.078000	2026-08-04T20:36:29.774+08:00	CTL,71895,0,0,0,0,0,0,0,0,0
0.125000	2026-08-04T20:36:29.820+08:00	ENC,-311,-363
0.171000	2026-08-04T20:36:29.870+08:00	ENC,-311,-363
0.171000	2026-08-04T20:36:29.874+08:00	CTL,71995,0,0,0,0,0,0,0,0,0
0.218000	2026-08-04T20:36:29.919+08:00	ENC,-311,-363
0.265000	2026-08-04T20:36:29.968+08:00	ENC,-311,-363
0.281000	2026-08-04T20:36:29.974+08:00	CTL,72095,0,0,0,0,0,0,0,0,0
0.328000	2026-08-04T20:36:30.020+08:00	ENC,-311,-363
0.375000	2026-08-04T20:36:30.067+08:00	ENC,-311,-363
0.375000	2026-08-04T20:36:30.073+08:00	CTL,72195,0,0,0,0,0,0,0,0,0
0.421000	2026-08-04T20:36:30.117+08:00	ENC,-311,-363
0.468000	2026-08-04T20:36:30.168+08:00	ENC,-311,-363
0.468000	2026-08-04T20:36:30.174+08:00	CTL,72295,0,0,0,0,0,0,0,0,0
0.515000	2026-08-04T20:36:30.220+08:00	ENC,-311,-363
0.578000	2026-08-04T20:36:30.270+08:00	ENC,-311,-363
0.578000	2026-08-04T20:36:30.270+08:00	CTL,72395,0,0,0,0,0,0,0,0,0
0.625000	2026-08-04T20:36:30.319+08:00	ENC,-311,-363
0.671000	2026-08-04T20:36:30.369+08:00	ENC,-311,-363
0.671000	2026-08-04T20:36:30.374+08:00	CTL,72495,0,0,0,0,0,0,0,0,0
0.718000	2026-08-04T20:36:30.416+08:00	ENC,-311,-363
0.765000	2026-08-04T20:36:30.467+08:00	ENC,-311,-363
0.765000	2026-08-04T20:36:30.472+08:00	CTL,72595,0,0,0,0,0,0,0,0,0
0.812000	2026-08-04T20:36:30.518+08:00	ENC,-311,-363
0.875000	2026-08-04T20:36:30.570+08:00	ENC,-311,-363
0.875000	2026-08-04T20:36:30.574+08:00	CTL,72695,0,0,0,0,0,0,0,0,0
0.921000	2026-08-04T20:36:30.619+08:00	ENC,-311,-363
0.968000	2026-08-04T20:36:30.670+08:00	ENC,-311,-363
0.968000	2026-08-04T20:36:30.673+08:00	CTL,72795,0,0,0,0,0,0,0,0,0
1.015000	2026-08-04T20:36:30.717+08:00	ENC,-311,-363
1.062000	2026-08-04T20:36:30.769+08:00	ENC,-311,-363
1.078000	2026-08-04T20:36:30.773+08:00	CTL,72895,0,0,0,0,0,0,0,0,0
1.125000	2026-08-04T20:36:30.818+08:00	ENC,-311,-363
1.171000	2026-08-04T20:36:30.867+08:00	ENC,-311,-363
1.171000	2026-08-04T20:36:30.872+08:00	CTL,72995,0,0,0,0,0,0,0,0,0
1.218000	2026-08-04T20:36:30.920+08:00	ENC,-311,-363
1.265000	2026-08-04T20:36:30.969+08:00	ENC,-311,-363
1.281000	2026-08-04T20:36:30.973+08:00	CTL,73095,0,0,0,0,0,0,0,0,0
1.312000	2026-08-04T20:36:31.016+08:00	ENC,-311,-363
1.375000	2026-08-04T20:36:31.070+08:00	ENC,-311,-363
1.375000	2026-08-04T20:36:31.072+08:00	CTL,73195,0,0,0,0,0,0,0,0,0
1.421000	2026-08-04T20:36:31.118+08:00	ENC,-311,-363
1.468000	2026-08-04T20:36:31.169+08:00	ENC,-311,-363
1.468000	2026-08-04T20:36:31.174+08:00	CTL,73295,0,0,0,0,0,0,0,0,0
1.515000	2026-08-04T20:36:31.217+08:00	ENC,-311,-363
1.562000	2026-08-04T20:36:31.267+08:00	ENC,-311,-363
1.578000	2026-08-04T20:36:31.271+08:00	CTL,73395,0,0,0,0,0,0,0,0,0
1.625000	2026-08-04T20:36:31.319+08:00	ENC,-311,-363
1.671000	2026-08-04T20:36:31.367+08:00	ENC,-311,-363
1.671000	2026-08-04T20:36:31.374+08:00	CTL,73495,0,0,0,0,0,0,0,0,0
1.718000	2026-08-04T20:36:31.419+08:00	ENC,-311,-363
1.765000	2026-08-04T20:36:31.467+08:00	ENC,-311,-363
1.781000	2026-08-04T20:36:31.475+08:00	CTL,73595,0,0,0,0,0,0,0,0,0
1.812000	2026-08-04T20:36:31.520+08:00	ENC,-311,-363
1.875000	2026-08-04T20:36:31.567+08:00	ENC,-311,-363
1.875000	2026-08-04T20:36:31.572+08:00	CTL,73695,0,0,0,0,0,0,0,0,0
1.921000	2026-08-04T20:36:31.619+08:00	ENC,-311,-363
1.968000	2026-08-04T20:36:31.667+08:00	ENC,-311,-363
1.968000	2026-08-04T20:36:31.672+08:00	CTL,73795,0,0,0,0,0,0,0,0,0
2.015000	2026-08-04T20:36:31.719+08:00	ENC,-311,-363
2.062000	2026-08-04T20:36:31.768+08:00	ENC,-311,-363
2.078000	2026-08-04T20:36:31.773+08:00	CTL,73895,0,0,0,0,0,0,0,0,0
2.125000	2026-08-04T20:36:31.819+08:00	ENC,-311,-363
2.171000	2026-08-04T20:36:31.866+08:00	ENC,-311,-363
2.171000	2026-08-04T20:36:31.870+08:00	CTL,73995,0,0,0,0,0,0,0,0,0
2.218000	2026-08-04T20:36:31.916+08:00	ENC,-311,-363
2.265000	2026-08-04T20:36:31.969+08:00	ENC,-311,-363
2.281000	2026-08-04T20:36:31.974+08:00	CTL,74095,0,0,0,0,0,0,0,0,0
2.312000	2026-08-04T20:36:32.019+08:00	ENC,-311,-363
2.375000	2026-08-04T20:36:32.067+08:00	ENC,-311,-363
2.375000	2026-08-04T20:36:32.072+08:00	CTL,74195,0,0,0,0,0,0,0,0,0
2.421000	2026-08-04T20:36:32.119+08:00	ENC,-311,-363
2.468000	2026-08-04T20:36:32.167+08:00	ENC,-311,-363
2.468000	2026-08-04T20:36:32.174+08:00	CTL,74295,0,0,0,0,0,0,0,0,0
2.515000	2026-08-04T20:36:32.218+08:00	ENC,-311,-363
2.578000	2026-08-04T20:36:32.270+08:00	ENC,-311,-363
2.578000	2026-08-04T20:36:32.272+08:00	CTL,74395,0,0,0,0,0,0,0,0,0
2.625000	2026-08-04T20:36:32.317+08:00	ENC,-311,-363
2.671000	2026-08-04T20:36:32.369+08:00	ENC,-311,-363
2.671000	2026-08-04T20:36:32.374+08:00	CTL,74495,0,0,0,0,0,0,0,0,0
2.718000	2026-08-04T20:36:32.416+08:00	ENC,-311,-363
2.765000	2026-08-04T20:36:32.468+08:00	ENC,-311,-363
2.781000	2026-08-04T20:36:32.473+08:00	CTL,74595,0,0,0,0,0,0,0,0,0
2.812000	2026-08-04T20:36:32.519+08:00	ENC,-311,-363
2.875000	2026-08-04T20:36:32.568+08:00	ENC,-311,-363
2.875000	2026-08-04T20:36:32.572+08:00	CTL,74695,0,0,0,0,0,0,0,0,0
2.921000	2026-08-04T20:36:32.617+08:00	ENC,-311,-363
2.968000	2026-08-04T20:36:32.669+08:00	ENC,-311,-363
2.968000	2026-08-04T20:36:32.671+08:00	CTL,74795,0,0,0,0,0,0,0,0,0
3.015000	2026-08-04T20:36:32.719+08:00	ENC,-311,-363
3.062000	2026-08-04T20:36:32.769+08:00	ENC,-311,-363
3.078000	2026-08-04T20:36:32.773+08:00	CTL,74895,0,0,0,0,0,0,0,0,0
3.125000	2026-08-04T20:36:32.818+08:00	ENC,-311,-363
3.171000	2026-08-04T20:36:32.868+08:00	ENC,-311,-363
3.171000	2026-08-04T20:36:32.873+08:00	CTL,74995,0,0,0,0,0,0,0,0,0
3.218000	2026-08-04T20:36:32.919+08:00	ENC,-311,-363
3.265000	2026-08-04T20:36:32.969+08:00	ENC,-311,-363
3.281000	2026-08-04T20:36:32.978+08:00	CTL,75095,0,0,0,0,0,0,0,0,0
3.312000	2026-08-04T20:36:33.019+08:00	ENC,-311,-363
3.375000	2026-08-04T20:36:33.068+08:00	ENC,-311,-363
3.375000	2026-08-04T20:36:33.073+08:00	CTL,75195,0,0,0,0,0,0,0,0,0
3.421000	2026-08-04T20:36:33.119+08:00	ENC,-311,-363
3.468000	2026-08-04T20:36:33.169+08:00	ENC,-311,-363
3.468000	2026-08-04T20:36:33.173+08:00	CTL,75295,0,0,0,0,0,0,0,0,0
3.515000	2026-08-04T20:36:33.217+08:00	ENC,-311,-363
3.578000	2026-08-04T20:36:33.270+08:00	ENC,-311,-363
3.578000	2026-08-04T20:36:33.271+08:00	CTL,75395,0,0,0,0,0,0,0,0,0
3.625000	2026-08-04T20:36:33.319+08:00	ENC,-311,-363
3.671000	2026-08-04T20:36:33.368+08:00	ENC,-311,-363
3.671000	2026-08-04T20:36:33.374+08:00	CTL,75495,0,0,0,0,0,0,0,0,0
3.718000	2026-08-04T20:36:33.419+08:00	ENC,-311,-363
3.765000	2026-08-04T20:36:33.465+08:00	ENC,-311,-363
3.765000	2026-08-04T20:36:33.470+08:00	CTL,75595,0,0,0,0,0,0,0,0,0
3.812000	2026-08-04T20:36:33.516+08:00	ENC,-311,-363
3.875000	2026-08-04T20:36:33.569+08:00	ENC,-311,-363
3.875000	2026-08-04T20:36:33.570+08:00	CTL,75695,0,0,0,0,0,0,0,0,0
3.921000	2026-08-04T20:36:33.616+08:00	ENC,-311,-363
3.968000	2026-08-04T20:36:33.667+08:00	ENC,-311,-363
3.968000	2026-08-04T20:36:33.673+08:00	CTL,75795,0,0,0,0,0,0,0,0,0
4.015000	2026-08-04T20:36:33.718+08:00	ENC,-311,-363
4.062000	2026-08-04T20:36:33.766+08:00	ENC,-311,-363
4.078000	2026-08-04T20:36:33.773+08:00	CTL,75895,0,0,0,0,0,0,0,0,0
4.125000	2026-08-04T20:36:33.819+08:00	ENC,-311,-363
4.171000	2026-08-04T20:36:33.870+08:00	ENC,-311,-363
4.171000	2026-08-04T20:36:33.873+08:00	CTL,75995,0,0,0,0,0,0,0,0,0
4.218000	2026-08-04T20:36:33.919+08:00	ENC,-311,-363
4.265000	2026-08-04T20:36:33.969+08:00	ENC,-311,-363
4.265000	2026-08-04T20:36:33.973+08:00	CTL,76095,0,0,0,0,0,0,0,0,0
4.312000	2026-08-04T20:36:34.016+08:00	ENC,-311,-363
4.375000	2026-08-04T20:36:34.069+08:00	ENC,-311,-363
4.375000	2026-08-04T20:36:34.070+08:00	CTL,76195,0,0,0,0,0,0,0,0,0
4.421000	2026-08-04T20:36:34.119+08:00	ENC,-311,-363
4.468000	2026-08-04T20:36:34.169+08:00	ENC,-311,-363
4.468000	2026-08-04T20:36:34.173+08:00	CTL,76295,0,0,0,0,0,0,0,0,0
4.515000	2026-08-04T20:36:34.216+08:00	ENC,-311,-363
4.562000	2026-08-04T20:36:34.268+08:00	ENC,-311,-363
4.578000	2026-08-04T20:36:34.273+08:00	CTL,76395,0,0,0,0,0,0,0,0,0
4.625000	2026-08-04T20:36:34.319+08:00	ENC,-311,-363
4.671000	2026-08-04T20:36:34.368+08:00	ENC,-311,-363
4.671000	2026-08-04T20:36:34.368+08:00	CTL,76495,0,0,0,0,0,0,0,0,0
4.718000	2026-08-04T20:36:34.417+08:00	ENC,-311,-363
4.765000	2026-08-04T20:36:34.466+08:00	ENC,-311,-363
4.765000	2026-08-04T20:36:34.472+08:00	CTL,76595,0,0,0,0,0,0,0,0,0
4.812000	2026-08-04T20:36:34.518+08:00	ENC,-311,-363
4.875000	2026-08-04T20:36:34.569+08:00	ENC,-311,-363
4.875000	2026-08-04T20:36:34.571+08:00	CTL,76695,0,0,0,0,0,0,0,0,0
4.921000	2026-08-04T20:36:34.619+08:00	ENC,-311,-363
4.968000	2026-08-04T20:36:34.669+08:00	ENC,-311,-363
4.968000	2026-08-04T20:36:34.670+08:00	CTL,76795,0,0,0,0,0,0,0,0,0
5.015000	2026-08-04T20:36:34.716+08:00	ENC,-311,-363
5.062000	2026-08-04T20:36:34.769+08:00	ENC,-311,-363
5.062000	2026-08-04T20:36:34.769+08:00	CTL,76895,0,0,0,0,0,0,0,0,0
5.109000	2026-08-04T20:36:34.815+08:00	ENC,-311,-363
5.171000	2026-08-04T20:36:34.868+08:00	ENC,-311,-363
5.171000	2026-08-04T20:36:34.872+08:00	CTL,76995,0,0,0,0,0,0,0,0,0
5.218000	2026-08-04T20:36:34.915+08:00	ENC,-311,-363
5.265000	2026-08-04T20:36:34.966+08:00	ENC,-311,-363
5.265000	2026-08-04T20:36:34.973+08:00	CTL,77095,0,0,0,0,0,0,0,0,0
5.312000	2026-08-04T20:36:35.018+08:00	ENC,-311,-363
5.375000	2026-08-04T20:36:35.068+08:00	ENC,-311,-363
5.375000	2026-08-04T20:36:35.069+08:00	CTL,77195,0,0,0,0,0,0,0,0,0
5.421000	2026-08-04T20:36:35.114+08:00	ENC,-311,-363
5.468000	2026-08-04T20:36:35.167+08:00	ENC,-311,-363
5.468000	2026-08-04T20:36:35.173+08:00	CTL,77295,0,0,0,0,0,0,0,0,0
5.515000	2026-08-04T20:36:35.218+08:00	ENC,-311,-363
5.562000	2026-08-04T20:36:35.266+08:00	ENC,-311,-363
5.578000	2026-08-04T20:36:35.272+08:00	CTL,77395,0,0,0,0,0,0,0,0,0
5.625000	2026-08-04T20:36:35.318+08:00	ENC,-311,-363
5.671000	2026-08-04T20:36:35.369+08:00	ENC,-311,-363
5.671000	2026-08-04T20:36:35.369+08:00	CTL,77495,0,0,0,0,0,0,0,0,0
5.718000	2026-08-04T20:36:35.416+08:00	ENC,-311,-363
5.765000	2026-08-04T20:36:35.468+08:00	ENC,-311,-363
5.781000	2026-08-04T20:36:35.473+08:00	CTL,77595,0,0,0,0,0,0,0,0,0
5.812000	2026-08-04T20:36:35.518+08:00	ENC,-311,-363
5.875000	2026-08-04T20:36:35.568+08:00	ENC,-311,-363
5.875000	2026-08-04T20:36:35.572+08:00	CTL,77695,0,0,0,0,0,0,0,0,0
5.921000	2026-08-04T20:36:35.619+08:00	ENC,-311,-363
5.968000	2026-08-04T20:36:35.665+08:00	ENC,-311,-363
5.968000	2026-08-04T20:36:35.670+08:00	CTL,77795,0,0,0,0,0,0,0,0,0
6.015000	2026-08-04T20:36:35.719+08:00	ENC,-311,-363
6.062000	2026-08-04T20:36:35.768+08:00	ENC,-311,-363
6.078000	2026-08-04T20:36:35.773+08:00	CTL,77895,0,0,0,0,0,0,0,0,0
6.109000	2026-08-04T20:36:35.816+08:00	ENC,-311,-363
6.171000	2026-08-04T20:36:35.867+08:00	ENC,-311,-363
6.171000	2026-08-04T20:36:35.872+08:00	CTL,77995,0,0,0,0,0,0,0,0,0
6.218000	2026-08-04T20:36:35.918+08:00	ENC,-311,-363
6.265000	2026-08-04T20:36:35.965+08:00	ENC,-311,-363
6.265000	2026-08-04T20:36:35.970+08:00	CTL,78095,0,0,0,0,0,0,0,0,0
6.312000	2026-08-04T20:36:36.016+08:00	ENC,-311,-363
6.375000	2026-08-04T20:36:36.069+08:00	ENC,-311,-363
6.375000	2026-08-04T20:36:36.072+08:00	CTL,78195,0,0,0,0,0,0,0,0,0
6.421000	2026-08-04T20:36:36.119+08:00	ENC,-311,-363
6.468000	2026-08-04T20:36:36.168+08:00	ENC,-311,-363
6.468000	2026-08-04T20:36:36.172+08:00	CTL,78295,0,0,0,0,0,0,0,0,0
6.515000	2026-08-04T20:36:36.218+08:00	ENC,-311,-363
6.562000	2026-08-04T20:36:36.267+08:00	ENC,-311,-363
6.578000	2026-08-04T20:36:36.272+08:00	CTL,78395,0,0,0,0,0,0,0,0,0
6.625000	2026-08-04T20:36:36.319+08:00	ENC,-311,-363
6.671000	2026-08-04T20:36:36.364+08:00	ENC,-311,-363
6.671000	2026-08-04T20:36:36.369+08:00	CTL,78495,0,0,0,0,0,0,0,0,0
6.718000	2026-08-04T20:36:36.414+08:00	ENC,-311,-363
6.765000	2026-08-04T20:36:36.465+08:00	ENC,-311,-363
6.765000	2026-08-04T20:36:36.470+08:00	CTL,78595,0,0,0,0,0,0,0,0,0
6.812000	2026-08-04T20:36:36.516+08:00	ENC,-311,-363
6.875000	2026-08-04T20:36:36.568+08:00	ENC,-311,-363
6.875000	2026-08-04T20:36:36.573+08:00	CTL,78695,0,0,0,0,0,0,0,0,0
6.921000	2026-08-04T20:36:36.615+08:00	ENC,-311,-363
6.968000	2026-08-04T20:36:36.666+08:00	ENC,-311,-363
6.968000	2026-08-04T20:36:36.671+08:00	CTL,78795,0,0,0,0,0,0,0,0,0
7.015000	2026-08-04T20:36:36.718+08:00	ENC,-311,-363
7.062000	2026-08-04T20:36:36.764+08:00	ENC,-311,-363
7.078000	2026-08-04T20:36:36.769+08:00	CTL,78895,0,0,0,0,0,0,0,0,0
7.125000	2026-08-04T20:36:36.817+08:00	ENC,-311,-363
7.171000	2026-08-04T20:36:36.868+08:00	ENC,-311,-363
7.171000	2026-08-04T20:36:36.872+08:00	CTL,78995,0,0,0,0,0,0,0,0,0
7.218000	2026-08-04T20:36:36.918+08:00	ENC,-311,-363
7.265000	2026-08-04T20:36:36.968+08:00	ENC,-311,-363
7.265000	2026-08-04T20:36:36.973+08:00	CTL,79095,0,0,0,0,0,0,0,0,0
7.312000	2026-08-04T20:36:37.018+08:00	ENC,-311,-363
7.375000	2026-08-04T20:36:37.069+08:00	ENC,-311,-363
7.375000	2026-08-04T20:36:37.069+08:00	CTL,79195,0,0,0,0,0,0,0,0,0
7.421000	2026-08-04T20:36:37.118+08:00	ENC,-311,-363
7.468000	2026-08-04T20:36:37.168+08:00	ENC,-311,-363
7.468000	2026-08-04T20:36:37.168+08:00	CTL,79295,0,0,0,0,0,0,0,0,0
7.515000	2026-08-04T20:36:37.215+08:00	ENC,-311,-363
7.562000	2026-08-04T20:36:37.268+08:00	ENC,-311,-363
7.562000	2026-08-04T20:36:37.269+08:00	CTL,79395,0,0,0,0,0,0,0,0,0
7.625000	2026-08-04T20:36:37.318+08:00	ENC,-311,-363
7.671000	2026-08-04T20:36:37.365+08:00	ENC,-311,-363
7.671000	2026-08-04T20:36:37.373+08:00	CTL,79495,0,0,0,0,0,0,0,0,0
7.718000	2026-08-04T20:36:37.418+08:00	ENC,-311,-363
7.765000	2026-08-04T20:36:37.468+08:00	ENC,-311,-363
7.765000	2026-08-04T20:36:37.472+08:00	CTL,79595,0,0,0,0,0,0,0,0,0
7.812000	2026-08-04T20:36:37.517+08:00	ENC,-311,-363
7.875000	2026-08-04T20:36:37.568+08:00	ENC,-311,-363
7.875000	2026-08-04T20:36:37.573+08:00	CTL,79695,0,0,0,0,0,0,0,0,0
7.921000	2026-08-04T20:36:37.615+08:00	ENC,-311,-363
7.968000	2026-08-04T20:36:37.667+08:00	ENC,-311,-363
7.968000	2026-08-04T20:36:37.673+08:00	CTL,79795,0,0,0,0,0,0,0,0,0
8.015000	2026-08-04T20:36:37.715+08:00	ENC,-311,-363
8.062000	2026-08-04T20:36:37.768+08:00	ENC,-311,-363
8.078000	2026-08-04T20:36:37.773+08:00	CTL,79895,0,0,0,0,0,0,0,0,0
8.125000	2026-08-04T20:36:37.817+08:00	ENC,-311,-363
8.171000	2026-08-04T20:36:37.869+08:00	ENC,-311,-363
8.171000	2026-08-04T20:36:37.869+08:00	CTL,79995,0,0,0,0,0,0,0,0,0
8.218000	2026-08-04T20:36:37.916+08:00	ENC,-311,-363
8.265000	2026-08-04T20:36:37.968+08:00	ENC,-311,-363
8.265000	2026-08-04T20:36:37.972+08:00	CTL,80095,0,0,0,0,0,0,0,0,0
8.312000	2026-08-04T20:36:38.018+08:00	ENC,-311,-363
8.375000	2026-08-04T20:36:38.068+08:00	ENC,-311,-363
8.375000	2026-08-04T20:36:38.070+08:00	CTL,80195,0,0,0,0,0,0,0,0,0
8.421000	2026-08-04T20:36:38.118+08:00	ENC,-311,-363
8.468000	2026-08-04T20:36:38.167+08:00	ENC,-311,-363
8.468000	2026-08-04T20:36:38.167+08:00	CTL,80295,0,0,0,0,0,0,0,0,0
8.515000	2026-08-04T20:36:38.215+08:00	ENC,-311,-363
8.562000	2026-08-04T20:36:38.266+08:00	ENC,-311,-363
8.578000	2026-08-04T20:36:38.272+08:00	CTL,80395,0,0,0,0,0,0,0,0,0
8.625000	2026-08-04T20:36:38.317+08:00	ENC,-311,-363
8.671000	2026-08-04T20:36:38.366+08:00	ENC,-311,-363
8.671000	2026-08-04T20:36:38.372+08:00	CTL,80495,0,0,0,0,0,0,0,0,0
8.718000	2026-08-04T20:36:38.418+08:00	ENC,-311,-363
8.765000	2026-08-04T20:36:38.468+08:00	ENC,-311,-363
8.765000	2026-08-04T20:36:38.472+08:00	CTL,80595,0,0,0,0,0,0,0,0,0
8.812000	2026-08-04T20:36:38.515+08:00	ENC,-311,-363
8.875000	2026-08-04T20:36:38.568+08:00	ENC,-311,-363
8.875000	2026-08-04T20:36:38.571+08:00	CTL,80695,0,0,0,0,0,0,0,0,0
8.921000	2026-08-04T20:36:38.617+08:00	ENC,-311,-363
8.968000	2026-08-04T20:36:38.664+08:00	ENC,-311,-363
8.968000	2026-08-04T20:36:38.669+08:00	CTL,80795,0,0,0,0,0,0,0,0,0
9.015000	2026-08-04T20:36:38.718+08:00	ENC,-311,-363
9.062000	2026-08-04T20:36:38.766+08:00	ENC,-311,-363
9.078000	2026-08-04T20:36:38.773+08:00	CTL,80895,0,0,0,0,0,0,0,0,0
9.125000	2026-08-04T20:36:38.817+08:00	ENC,-311,-363
9.171000	2026-08-04T20:36:38.864+08:00	ENC,-311,-363
9.171000	2026-08-04T20:36:38.869+08:00	CTL,80995,0,0,0,0,0,0,0,0,0
9.218000	2026-08-04T20:36:38.916+08:00	ENC,-311,-363
9.265000	2026-08-04T20:36:38.964+08:00	ENC,-311,-363
9.265000	2026-08-04T20:36:38.970+08:00	CTL,81095,0,0,0,0,0,0,0,0,0
9.312000	2026-08-04T20:36:39.018+08:00	ENC,-311,-363
9.359000	2026-08-04T20:36:39.065+08:00	ENC,-311,-363
9.375000	2026-08-04T20:36:39.069+08:00	CTL,81195,0,0,0,0,0,0,0,0,0
9.421000	2026-08-04T20:36:39.118+08:00	ENC,-311,-363
9.468000	2026-08-04T20:36:39.168+08:00	ENC,-311,-363
9.468000	2026-08-04T20:36:39.172+08:00	CTL,81295,0,0,0,0,0,0,0,0,0
9.515000	2026-08-04T20:36:39.215+08:00	ENC,-311,-363
9.562000	2026-08-04T20:36:39.266+08:00	ENC,-311,-363
9.578000	2026-08-04T20:36:39.271+08:00	CTL,81395,0,0,0,0,0,0,0,0,0
9.625000	2026-08-04T20:36:39.318+08:00	ENC,-311,-363
9.671000	2026-08-04T20:36:39.368+08:00	ENC,-311,-363
9.671000	2026-08-04T20:36:39.368+08:00	CTL,81495,0,0,0,0,0,0,0,0,0
9.718000	2026-08-04T20:36:39.415+08:00	ENC,-311,-363
9.765000	2026-08-04T20:36:39.468+08:00	ENC,-311,-363
9.765000	2026-08-04T20:36:39.470+08:00	CTL,81595,0,0,0,0,0,0,0,0,0
9.812000	2026-08-04T20:36:39.513+08:00	ENC,-305,-356
9.875000	2026-08-04T20:36:39.568+08:00	ENC,-252,-308
9.875000	2026-08-04T20:36:39.573+08:00	CTL,81695,16,14,185,187,119,107,1204,1219,0
9.921000	2026-08-04T20:36:39.614+08:00	ENC,-145,-202
9.968000	2026-08-04T20:36:39.668+08:00	ENC,3,-51
9.968000	2026-08-04T20:36:39.673+08:00	CTL,81796,32,33,362,362,315,322,1726,1726,0
10.015000	2026-08-04T20:36:39.718+08:00	ENC,174,127
10.062000	2026-08-04T20:36:39.766+08:00	ENC,350,318
10.078000	2026-08-04T20:36:39.773+08:00	CTL,81896,36,38,340,332,374,403,1607,1554,2
10.125000	2026-08-04T20:36:39.817+08:00	ENC,512,484
10.171000	2026-08-04T20:36:39.867+08:00	ENC,615,579
10.171000	2026-08-04T20:36:39.872+08:00	CTL,81996,18,17,65,59,221,207,680,661,2
10.218000	2026-08-04T20:36:39.913+08:00	ENC,698,657
10.265000	2026-08-04T20:36:39.967+08:00	ENC,763,716
10.265000	2026-08-04T20:36:39.972+08:00	CTL,82096,12,12,68,66,138,128,739,736,1
10.312000	2026-08-04T20:36:40.018+08:00	ENC,830,777
10.359000	2026-08-04T20:36:40.065+08:00	ENC,899,837
10.375000	2026-08-04T20:36:40.070+08:00	CTL,82196,13,12,65,69,144,127,716,743,-1
10.406000	2026-08-04T20:36:40.113+08:00	ENC,963,899
10.468000	2026-08-04T20:36:40.167+08:00	ENC,1025,963
10.468000	2026-08-04T20:36:40.172+08:00	CTL,82296,12,13,65,69,132,135,719,732,-1
10.515000	2026-08-04T20:36:40.218+08:00	ENC,1090,1028
10.562000	2026-08-04T20:36:40.268+08:00	ENC,1156,1095
10.578000	2026-08-04T20:36:40.272+08:00	CTL,82396,14,13,65,69,142,140,705,721,-1
10.609000	2026-08-04T20:36:40.314+08:00	ENC,1225,1166
10.671000	2026-08-04T20:36:40.366+08:00	ENC,1295,1237
10.671000	2026-08-04T20:36:40.372+08:00	CTL,82496,14,14,66,69,148,148,696,706,-1
10.718000	2026-08-04T20:36:40.415+08:00	ENC,1367,1308
10.765000	2026-08-04T20:36:40.467+08:00	ENC,1437,1379
10.765000	2026-08-04T20:36:40.472+08:00	CTL,82596,14,14,66,69,149,150,688,698,-1
10.812000	2026-08-04T20:36:40.518+08:00	ENC,1507,1451
10.875000	2026-08-04T20:36:40.568+08:00	ENC,1577,1522
10.875000	2026-08-04T20:36:40.572+08:00	CTL,82696,14,14,72,73,148,151,703,707,0
10.921000	2026-08-04T20:36:40.617+08:00	ENC,1647,1595
10.968000	2026-08-04T20:36:40.664+08:00	ENC,1717,1667
10.968000	2026-08-04T20:36:40.669+08:00	CTL,82796,14,14,73,72,148,152,700,694,0
11.015000	2026-08-04T20:36:40.716+08:00	ENC,1784,1736
11.062000	2026-08-04T20:36:40.767+08:00	ENC,1851,1804
11.078000	2026-08-04T20:36:40.772+08:00	CTL,82896,13,14,89,87,141,145,759,748,1
11.125000	2026-08-04T20:36:40.818+08:00	ENC,1930,1884
11.171000	2026-08-04T20:36:40.865+08:00	ENC,2034,1989
11.171000	2026-08-04T20:36:40.872+08:00	CTL,82996,22,22,188,185,219,222,1069,1055,1
11.218000	2026-08-04T20:36:40.917+08:00	ENC,2144,2097
11.265000	2026-08-04T20:36:40.965+08:00	ENC,2254,2203
11.265000	2026-08-04T20:36:40.972+08:00	CTL,83096,22,21,192,191,233,224,1071,1075,0
11.312000	2026-08-04T20:36:41.018+08:00	ENC,2362,2303
11.375000	2026-08-04T20:36:41.068+08:00	ENC,2469,2401
11.375000	2026-08-04T20:36:41.073+08:00	CTL,83196,21,19,188,195,227,208,1058,1098,-2
11.421000	2026-08-04T20:36:41.116+08:00	ENC,2576,2501
11.468000	2026-08-04T20:36:41.167+08:00	ENC,2682,2607
11.468000	2026-08-04T20:36:41.172+08:00	CTL,83296,21,22,186,196,224,225,1051,1089,-2
11.515000	2026-08-04T20:36:41.215+08:00	ENC,2785,2711
11.562000	2026-08-04T20:36:41.267+08:00	ENC,2889,2817
11.578000	2026-08-04T20:36:41.272+08:00	CTL,83396,21,22,187,196,221,224,1053,1085,-2
11.625000	2026-08-04T20:36:41.317+08:00	ENC,2995,2926
11.671000	2026-08-04T20:36:41.367+08:00	ENC,3106,3039
11.671000	2026-08-04T20:36:41.373+08:00	CTL,83496,23,23,188,195,236,241,1042,1066,-2
11.718000	2026-08-04T20:36:41.414+08:00	ENC,3220,3154
11.765000	2026-08-04T20:36:41.468+08:00	ENC,3332,3271
11.781000	2026-08-04T20:36:41.473+08:00	CTL,83596,22,24,189,193,237,249,1042,1052,-1
11.812000	2026-08-04T20:36:41.516+08:00	ENC,3445,3388
11.875000	2026-08-04T20:36:41.567+08:00	ENC,3557,3503
11.875000	2026-08-04T20:36:41.572+08:00	CTL,83696,23,23,191,192,239,243,1041,1045,0
11.921000	2026-08-04T20:36:41.614+08:00	ENC,3667,3615
11.968000	2026-08-04T20:36:41.667+08:00	ENC,3776,3723
11.968000	2026-08-04T20:36:41.672+08:00	CTL,83796,21,21,191,192,229,229,1046,1050,0
12.015000	2026-08-04T20:36:41.715+08:00	ENC,3885,3831
12.062000	2026-08-04T20:36:41.768+08:00	ENC,3993,3938
12.078000	2026-08-04T20:36:41.772+08:00	CTL,83896,21,21,191,192,228,225,1041,1051,0
12.109000	2026-08-04T20:36:41.815+08:00	ENC,4099,4037
12.171000	2026-08-04T20:36:41.865+08:00	ENC,4218,4148
12.171000	2026-08-04T20:36:41.870+08:00	CTL,83996,26,25,312,319,256,240,1469,1514,-2
12.218000	2026-08-04T20:36:41.915+08:00	ENC,4363,4280
12.265000	2026-08-04T20:36:41.963+08:00	ENC,4516,4431
12.265000	2026-08-04T20:36:41.973+08:00	CTL,84096,31,31,329,343,323,320,1490,1552,-4
12.312000	2026-08-04T20:36:42.014+08:00	ENC,4672,4591
12.359000	2026-08-04T20:36:42.065+08:00	ENC,4844,4771
12.375000	2026-08-04T20:36:42.070+08:00	CTL,84196,36,38,430,439,368,384,1835,1865,-2
12.406000	2026-08-04T20:36:42.113+08:00	ENC,5040,4971
12.468000	2026-08-04T20:36:42.167+08:00	ENC,5243,5179
12.468000	2026-08-04T20:36:42.172+08:00	CTL,84296,41,42,432,437,429,441,1801,1819,-1
12.515000	2026-08-04T20:36:42.214+08:00	ENC,5447,5389
12.562000	2026-08-04T20:36:42.266+08:00	ENC,5652,5597
12.578000	2026-08-04T20:36:42.271+08:00	CTL,84396,41,41,434,435,434,439,1805,1812,0
12.609000	2026-08-04T20:36:42.316+08:00	ENC,5854,5799
12.671000	2026-08-04T20:36:42.365+08:00	ENC,6057,5988
12.671000	2026-08-04T20:36:42.372+08:00	CTL,84496,41,38,431,438,431,405,1797,1849,-2
12.718000	2026-08-04T20:36:42.415+08:00	ENC,6255,6183
12.765000	2026-08-04T20:36:42.463+08:00	ENC,6450,6382
12.765000	2026-08-04T20:36:42.470+08:00	CTL,84596,39,40,431,438,414,422,1809,1839,-2
12.812000	2026-08-04T20:36:42.516+08:00	ENC,6646,6585
12.875000	2026-08-04T20:36:42.567+08:00	ENC,6851,6790
12.875000	2026-08-04T20:36:42.573+08:00	CTL,84696,41,41,433,436,435,436,1802,1824,-1
12.921000	2026-08-04T20:36:42.617+08:00	ENC,7058,7002
12.968000	2026-08-04T20:36:42.665+08:00	ENC,7263,7214
12.968000	2026-08-04T20:36:42.669+08:00	CTL,84796,41,42,435,434,435,448,1810,1805,0
13.015000	2026-08-04T20:36:42.716+08:00	ENC,7468,7422
13.062000	2026-08-04T20:36:42.763+08:00	ENC,7673,7620
13.062000	2026-08-04T20:36:42.768+08:00	CTL,84896,42,39,434,435,437,418,1806,1829,0
13.109000	2026-08-04T20:36:42.816+08:00	ENC,7876,7809
13.171000	2026-08-04T20:36:42.868+08:00	ENC,8073,8005
13.171000	2026-08-04T20:36:42.873+08:00	CTL,84996,39,39,431,438,417,414,1808,1846,-2
13.218000	2026-08-04T20:36:42.917+08:00	ENC,8267,8204
13.265000	2026-08-04T20:36:42.965+08:00	ENC,8465,8405
13.265000	2026-08-04T20:36:42.972+08:00	CTL,85096,40,40,433,436,421,424,1813,1834,-1
13.312000	2026-08-04T20:36:43.017+08:00	ENC,8671,8613
13.359000	2026-08-04T20:36:43.066+08:00	ENC,8876,8826
13.375000	2026-08-04T20:36:43.072+08:00	CTL,85196,41,43,435,434,435,452,1812,1806,0
13.421000	2026-08-04T20:36:43.117+08:00	ENC,9083,9037
13.468000	2026-08-04T20:36:43.165+08:00	ENC,9290,9245
13.468000	2026-08-04T20:36:43.172+08:00	CTL,85296,41,42,436,433,437,441,1814,1808,1
13.515000	2026-08-04T20:36:43.217+08:00	ENC,9494,9441
13.562000	2026-08-04T20:36:43.267+08:00	ENC,9696,9632
13.562000	2026-08-04T20:36:43.269+08:00	CTL,85396,40,39,432,437,427,410,1806,1847,-1
13.625000	2026-08-04T20:36:43.317+08:00	ENC,9890,9825
13.671000	2026-08-04T20:36:43.366+08:00	ENC,10085,10024
13.671000	2026-08-04T20:36:43.372+08:00	CTL,85496,39,40,433,436,413,421,1820,1839,-1
13.718000	2026-08-04T20:36:43.414+08:00	ENC,10299,10239
13.765000	2026-08-04T20:36:43.466+08:00	ENC,10507,10448
13.765000	2026-08-04T20:36:43.470+08:00	CTL,85599,42,42,433,436,441,442,1802,1823,-1
13.812000	2026-08-04T20:36:43.517+08:00	ENC,10713,10659
13.875000	2026-08-04T20:36:43.567+08:00	ENC,10921,10871
13.875000	2026-08-04T20:36:43.569+08:00	CTL,85699,42,42,435,434,442,448,1809,1811,0
13.921000	2026-08-04T20:36:43.617+08:00	ENC,11126,11079
13.968000	2026-08-04T20:36:43.667+08:00	ENC,11332,11272
13.968000	2026-08-04T20:36:43.673+08:00	CTL,85799,41,38,433,436,437,410,1804,1845,-1
14.015000	2026-08-04T20:36:43.717+08:00	ENC,11534,11466
14.062000	2026-08-04T20:36:43.766+08:00	ENC,11730,11665
14.078000	2026-08-04T20:36:43.772+08:00	CTL,85899,39,40,432,437,416,423,1814,1842,-1
14.109000	2026-08-04T20:36:43.817+08:00	ENC,11925,11866
14.171000	2026-08-04T20:36:43.867+08:00	ENC,12127,12068
14.187000	2026-08-04T20:36:43.883+08:00	CTL,85999,41,41,433,436,429,430,1811,1833,-1
14.218000	2026-08-04T20:36:43.918+08:00	ENC,12334,12276
14.265000	2026-08-04T20:36:43.966+08:00	ENC,12542,12489
14.265000	2026-08-04T20:36:43.972+08:00	CTL,86099,42,42,434,435,442,450,1807,1814,0
14.312000	2026-08-04T20:36:44.015+08:00	ENC,12749,12702
14.359000	2026-08-04T20:36:44.066+08:00	ENC,12956,12906
14.375000	2026-08-04T20:36:44.071+08:00	CTL,86199,42,39,435,434,440,430,1810,1824,0
14.421000	2026-08-04T20:36:44.117+08:00	ENC,13162,13099
14.468000	2026-08-04T20:36:44.163+08:00	ENC,13362,13295
14.468000	2026-08-04T20:36:44.171+08:00	CTL,86299,39,40,431,438,423,417,1809,1849,-2
14.515000	2026-08-04T20:36:44.217+08:00	ENC,13557,13496
14.562000	2026-08-04T20:36:44.266+08:00	ENC,13756,13697
14.578000	2026-08-04T20:36:44.272+08:00	CTL,86399,40,40,433,436,422,427,1817,1837,-1
14.625000	2026-08-04T20:36:44.317+08:00	ENC,13959,13900
14.671000	2026-08-04T20:36:44.365+08:00	ENC,14166,14109
14.671000	2026-08-04T20:36:44.371+08:00	CTL,86499,41,42,433,436,438,443,1808,1824,-1
14.718000	2026-08-04T20:36:44.417+08:00	ENC,14373,14323
14.765000	2026-08-04T20:36:44.464+08:00	ENC,14582,14535
14.765000	2026-08-04T20:36:44.470+08:00	CTL,86599,42,42,436,433,443,448,1812,1811,1
14.812000	2026-08-04T20:36:44.513+08:00	ENC,14789,14737
14.875000	2026-08-04T20:36:44.567+08:00	ENC,14994,14931
14.875000	2026-08-04T20:36:44.570+08:00	CTL,86699,41,39,432,437,434,415,1805,1848,-1
14.921000	2026-08-04T20:36:44.617+08:00	ENC,15193,15128
14.968000	2026-08-04T20:36:44.663+08:00	ENC,15390,15330
14.968000	2026-08-04T20:36:44.668+08:00	CTL,86799,40,40,433,436,419,426,1818,1840,-1
15.015000	2026-08-04T20:36:44.717+08:00	ENC,15591,15533
15.062000	2026-08-04T20:36:44.767+08:00	ENC,15795,15737
15.078000	2026-08-04T20:36:44.772+08:00	CTL,86899,41,42,433,436,433,435,1811,1831,-1
15.109000	2026-08-04T20:36:44.815+08:00	ENC,16002,15947
15.171000	2026-08-04T20:36:44.866+08:00	ENC,16211,16160
15.171000	2026-08-04T20:36:44.872+08:00	CTL,86999,42,42,435,434,443,449,1809,1815,0
15.218000	2026-08-04T20:36:44.914+08:00	ENC,16419,16373
15.265000	2026-08-04T20:36:44.966+08:00	ENC,16627,16572
15.265000	2026-08-04T20:36:44.972+08:00	CTL,87099,42,39,434,435,441,423,1807,1836,0
15.312000	2026-08-04T20:36:45.014+08:00	ENC,16831,16768
15.375000	2026-08-04T20:36:45.067+08:00	ENC,17028,16968
15.375000	2026-08-04T20:36:45.072+08:00	CTL,87199,39,41,433,436,418,427,1818,1839,-1
15.406000	2026-08-04T20:36:45.113+08:00	ENC,17226,17170
15.468000	2026-08-04T20:36:45.166+08:00	ENC,17427,17373
15.468000	2026-08-04T20:36:45.172+08:00	CTL,87299,41,40,434,435,428,430,1818,1833,0
15.515000	2026-08-04T20:36:45.217+08:00	ENC,17631,17577
15.562000	2026-08-04T20:36:45.264+08:00	ENC,17838,17788
15.578000	2026-08-04T20:36:45.271+08:00	CTL,87399,42,42,435,434,439,447,1813,1817,0
15.609000	2026-08-04T20:36:45.315+08:00	ENC,18046,18001
15.671000	2026-08-04T20:36:45.367+08:00	ENC,18255,18211
15.671000	2026-08-04T20:36:45.371+08:00	CTL,87499,42,41,436,433,444,442,1814,1814,1
15.718000	2026-08-04T20:36:45.414+08:00	ENC,18463,18408
15.765000	2026-08-04T20:36:45.464+08:00	ENC,18665,18606
15.765000	2026-08-04T20:36:45.469+08:00	CTL,87599,39,40,433,436,426,421,1814,1842,-1
15.812000	2026-08-04T20:36:45.516+08:00	ENC,18860,18807
15.875000	2026-08-04T20:36:45.567+08:00	ENC,19058,19009
15.875000	2026-08-04T20:36:45.572+08:00	CTL,87699,40,41,435,434,420,430,1828,1829,0
15.921000	2026-08-04T20:36:45.614+08:00	ENC,19260,19209
15.968000	2026-08-04T20:36:45.663+08:00	ENC,19464,19414
15.968000	2026-08-04T20:36:45.669+08:00	CTL,87799,41,42,435,434,433,437,1819,1825,0
16.015000	2026-08-04T20:36:45.716+08:00	ENC,19671,19625
16.062000	2026-08-04T20:36:45.767+08:00	ENC,19880,19839
16.078000	2026-08-04T20:36:45.772+08:00	CTL,87899,42,44,437,432,444,455,1818,1804,1
16.109000	2026-08-04T20:36:45.813+08:00	ENC,20090,20045
16.171000	2026-08-04T20:36:45.864+08:00	ENC,20297,20243
16.171000	2026-08-04T20:36:45.869+08:00	CTL,87999,41,40,434,435,440,423,1809,1837,0
16.218000	2026-08-04T20:36:45.916+08:00	ENC,20496,20443
16.265000	2026-08-04T20:36:45.966+08:00	ENC,20693,20643
16.265000	2026-08-04T20:36:45.971+08:00	CTL,88099,40,40,435,434,420,424,1828,1833,0
16.312000	2026-08-04T20:36:46.013+08:00	ENC,20893,20845
16.359000	2026-08-04T20:36:46.066+08:00	ENC,21095,21047
16.375000	2026-08-04T20:36:46.072+08:00	CTL,88199,40,40,435,434,428,428,1825,1830,0
16.421000	2026-08-04T20:36:46.114+08:00	ENC,21300,21253
16.468000	2026-08-04T20:36:46.166+08:00	ENC,21508,21463
16.468000	2026-08-04T20:36:46.171+08:00	CTL,88299,42,42,436,433,443,446,1817,1814,1
16.515000	2026-08-04T20:36:46.216+08:00	ENC,21717,21676
16.562000	2026-08-04T20:36:46.267+08:00	ENC,21926,21880
16.578000	2026-08-04T20:36:46.272+08:00	CTL,88399,42,40,436,433,443,433,1815,1824,1
16.609000	2026-08-04T20:36:46.313+08:00	ENC,22133,22080
16.656000	2026-08-04T20:36:46.363+08:00	ENC,22332,22281
16.671000	2026-08-04T20:36:46.368+08:00	CTL,88499,40,41,435,434,424,428,1824,1831,0
16.718000	2026-08-04T20:36:46.414+08:00	ENC,22530,22482
16.765000	2026-08-04T20:36:46.466+08:00	ENC,22732,22686
16.765000	2026-08-04T20:36:46.470+08:00	CTL,88599,41,41,436,433,429,432,1825,1826,1
16.812000	2026-08-04T20:36:46.516+08:00	ENC,22936,22889
16.859000	2026-08-04T20:36:46.565+08:00	ENC,23141,23094
16.875000	2026-08-04T20:36:46.568+08:00	CTL,88699,42,41,436,433,438,436,1820,1823,1
16.921000	2026-08-04T20:36:46.614+08:00	ENC,23349,23306
16.968000	2026-08-04T20:36:46.666+08:00	ENC,23558,23517
16.968000	2026-08-04T20:36:46.671+08:00	CTL,88799,42,42,437,432,445,446,1819,1811,1
17.015000	2026-08-04T20:36:46.712+08:00	ENC,23767,23719
17.062000	2026-08-04T20:36:46.763+08:00	ENC,23972,23921
17.062000	2026-08-04T20:36:46.768+08:00	CTL,88899,40,40,435,434,432,429,1819,1830,0
17.125000	2026-08-04T20:36:46.817+08:00	ENC,24169,24121
17.171000	2026-08-04T20:36:46.867+08:00	ENC,24371,24324
17.171000	2026-08-04T20:36:46.872+08:00	CTL,88999,41,41,436,433,429,430,1826,1826,1
17.218000	2026-08-04T20:36:46.916+08:00	ENC,24576,24528
17.265000	2026-08-04T20:36:46.964+08:00	ENC,24780,24733
17.265000	2026-08-04T20:36:46.970+08:00	CTL,89099,41,41,436,433,433,435,1823,1823,1
17.312000	2026-08-04T20:36:47.015+08:00	ENC,24986,24938
17.375000	2026-08-04T20:36:47.063+08:00	ENC,25195,25149
17.375000	2026-08-04T20:36:47.071+08:00	CTL,89199,42,42,436,433,444,445,1815,1815,1
17.421000	2026-08-04T20:36:47.114+08:00	ENC,25405,25356
17.468000	2026-08-04T20:36:47.166+08:00	ENC,25613,25560
17.468000	2026-08-04T20:36:47.172+08:00	CTL,89299,41,41,434,435,441,434,1812,1828,0
17.515000	2026-08-04T20:36:47.217+08:00	ENC,25816,25763
17.562000	2026-08-04T20:36:47.265+08:00	ENC,26016,25966
17.578000	2026-08-04T20:36:47.271+08:00	CTL,89399,41,41,435,434,428,431,1824,1828,0
17.609000	2026-08-04T20:36:47.316+08:00	ENC,26219,26170
17.671000	2026-08-04T20:36:47.366+08:00	ENC,26423,26374
17.671000	2026-08-04T20:36:47.372+08:00	CTL,89499,41,41,435,434,433,434,1821,1826,0
17.718000	2026-08-04T20:36:47.412+08:00	ENC,26626,26579
17.765000	2026-08-04T20:36:47.463+08:00	ENC,26832,26786
17.765000	2026-08-04T20:36:47.468+08:00	CTL,89599,41,42,436,433,436,441,1821,1818,1
17.812000	2026-08-04T20:36:47.513+08:00	ENC,27042,26996
17.859000	2026-08-04T20:36:47.566+08:00	ENC,27251,27201
17.875000	2026-08-04T20:36:47.571+08:00	CTL,89699,42,41,435,434,444,436,1812,1824,0
17.906000	2026-08-04T20:36:47.613+08:00	ENC,27458,27405
17.968000	2026-08-04T20:36:47.664+08:00	ENC,27658,27609
17.968000	2026-08-04T20:36:47.670+08:00	CTL,89799,40,41,435,434,426,433,1825,1825,0
18.015000	2026-08-04T20:36:47.715+08:00	ENC,27859,27811
18.062000	2026-08-04T20:36:47.763+08:00	ENC,28062,28015
18.078000	2026-08-04T20:36:47.772+08:00	CTL,89899,40,41,436,433,430,433,1826,1824,1
18.109000	2026-08-04T20:36:47.813+08:00	ENC,28266,28219
18.171000	2026-08-04T20:36:47.864+08:00	ENC,28471,28422
18.171000	2026-08-04T20:36:47.869+08:00	CTL,89999,41,40,435,434,435,429,1820,1828,0
18.218000	2026-08-04T20:36:47.916+08:00	ENC,28676,28629
18.265000	2026-08-04T20:36:47.963+08:00	ENC,28885,28838
18.265000	2026-08-04T20:36:47.967+08:00	CTL,90099,43,41,436,433,445,440,1815,1818,1
18.312000	2026-08-04T20:36:48.013+08:00	ENC,29094,29041
18.359000	2026-08-04T20:36:48.067+08:00	ENC,29299,29247
18.375000	2026-08-04T20:36:48.072+08:00	CTL,90199,41,42,434,434,434,438,1818,1824,0
18.406000	2026-08-04T20:36:48.112+08:00	ENC,29498,29451
18.468000	2026-08-04T20:36:48.164+08:00	ENC,29699,29653
18.468000	2026-08-04T20:36:48.171+08:00	CTL,90299,41,40,436,433,428,429,1827,1826,1
18.515000	2026-08-04T20:36:48.216+08:00	ENC,29902,29854
18.562000	2026-08-04T20:36:48.266+08:00	ENC,30104,30058
18.578000	2026-08-04T20:36:48.272+08:00	CTL,90399,41,40,436,433,431,430,1826,1825,1
18.609000	2026-08-04T20:36:48.316+08:00	ENC,30306,30261
18.671000	2026-08-04T20:36:48.365+08:00	ENC,30511,30467
18.671000	2026-08-04T20:36:48.372+08:00	CTL,90499,41,41,436,433,435,437,1826,1818,1
18.718000	2026-08-04T20:36:48.416+08:00	ENC,30721,30673
18.765000	2026-08-04T20:36:48.463+08:00	ENC,30929,30874
18.765000	2026-08-04T20:36:48.468+08:00	CTL,90599,41,41,434,435,439,429,1813,1832,0
18.812000	2026-08-04T20:36:48.515+08:00	ENC,31131,31081
18.875000	2026-08-04T20:36:48.567+08:00	ENC,31332,31285
18.875000	2026-08-04T20:36:48.572+08:00	CTL,90699,40,40,436,433,426,432,1829,1824,1
18.921000	2026-08-04T20:36:48.616+08:00	ENC,31535,31487
18.968000	2026-08-04T20:36:48.664+08:00	ENC,31740,31692
18.968000	2026-08-04T20:36:48.669+08:00	CTL,90799,41,41,435,434,434,434,1823,1824,0
19.015000	2026-08-04T20:36:48.716+08:00	ENC,31943,31896
19.062000	2026-08-04T20:36:48.766+08:00	ENC,32147,32099
19.078000	2026-08-04T20:36:48.772+08:00	CTL,90899,41,40,435,434,433,430,1824,1827,0
19.109000	2026-08-04T20:36:48.812+08:00	ENC,32354,32306
19.171000	2026-08-04T20:36:48.864+08:00	ENC,32564,32507
19.171000	2026-08-04T20:36:48.870+08:00	CTL,90999,42,40,433,436,445,427,1808,1837,-1
19.218000	2026-08-04T20:36:48.916+08:00	ENC,32770,32711
19.265000	2026-08-04T20:36:48.963+08:00	ENC,32971,32918
19.265000	2026-08-04T20:36:48.968+08:00	CTL,91099,40,41,434,435,428,436,1823,1826,0
19.312000	2026-08-04T20:36:49.015+08:00	ENC,33173,33123
19.359000	2026-08-04T20:36:49.066+08:00	ENC,33377,33325
19.375000	2026-08-04T20:36:49.071+08:00	CTL,91199,41,40,434,434,433,429,1821,1832,0
19.406000	2026-08-04T20:36:49.113+08:00	ENC,33580,33530
19.468000	2026-08-04T20:36:49.165+08:00	ENC,33783,33734
19.468000	2026-08-04T20:36:49.170+08:00	CTL,91299,41,41,435,434,431,432,1824,1827,0
19.515000	2026-08-04T20:36:49.214+08:00	ENC,33987,33937
19.562000	2026-08-04T20:36:49.266+08:00	ENC,34193,34141
19.578000	2026-08-04T20:36:49.270+08:00	CTL,91399,42,40,434,434,438,431,1818,1831,0
19.609000	2026-08-04T20:36:49.316+08:00	ENC,34402,34342
19.671000	2026-08-04T20:36:49.366+08:00	ENC,34606,34548
19.671000	2026-08-04T20:36:49.371+08:00	CTL,91499,41,42,433,436,434,438,1816,1830,-1
19.718000	2026-08-04T20:36:49.414+08:00	ENC,34805,34753
19.765000	2026-08-04T20:36:49.465+08:00	ENC,34967,34917
19.765000	2026-08-04T20:36:49.470+08:00	CTL,91599,30,30,0,0,318,318,0,0,0
19.812000	2026-08-04T20:36:49.513+08:00	ENC,35102,35047
19.859000	2026-08-04T20:36:49.565+08:00	ENC,35199,35141
19.875000	2026-08-04T20:36:49.570+08:00	CTL,91699,17,16,0,0,180,170,0,0,0
19.906000	2026-08-04T20:36:49.612+08:00	ENC,35262,35202
19.968000	2026-08-04T20:36:49.666+08:00	ENC,35293,35233
19.968000	2026-08-04T20:36:49.670+08:00	CTL,91799,4,5,0,0,42,53,0,0,0
20.015000	2026-08-04T20:36:49.716+08:00	ENC,35300,35240
20.062000	2026-08-04T20:36:49.765+08:00	ENC,35300,35240
20.062000	2026-08-04T20:36:49.768+08:00	CTL,91899,0,0,0,0,0,0,0,0,0
20.109000	2026-08-04T20:36:49.815+08:00	ENC,35300,35240
20.156000	2026-08-04T20:36:49.862+08:00	ENC,35300,35240
20.171000	2026-08-04T20:36:49.869+08:00	CTL,91999,0,0,0,0,0,0,0,0,0
20.218000	2026-08-04T20:36:49.916+08:00	ENC,35300,35240
20.265000	2026-08-04T20:36:49.966+08:00	ENC,35300,35240
20.265000	2026-08-04T20:36:49.970+08:00	CTL,92099,0,0,0,0,0,0,0,0,0
20.312000	2026-08-04T20:36:50.015+08:00	ENC,35300,35240
20.359000	2026-08-04T20:36:50.066+08:00	ENC,35300,35240
20.375000	2026-08-04T20:36:50.068+08:00	CTL,92199,0,0,0,0,0,0,0,0,0
20.421000	2026-08-04T20:36:50.114+08:00	ENC,35300,35240
